199.757	758.436	2.32445	0.0885929	1966847	359.563	-1
246.391	758.6	2.4615	0.0799293	6095615	349.348	-1
246.391	758.6	2.4615	0.0799293	6095615	201.386	-1
246.504	752.572	2.29087	0.0773741	918271	1.03561	-1
246.504	752.572	2.29087	0.0773741	918271	140.799	-1
246.504	752.572	2.29087	0.0773741	918271	214.572	-1
246.199	537.344	3.27521	0.0921301	10028031	357.191	-1
246.199	537.344	3.27521	0.0921301	10028031	184.789	-1
246.068	504.478	3.47533	0.0877705	14353407	84.1403	-1
246.924	350.4	6.14845	0.0997636	5440256	53.5385	-1
247.191	730.646	3.1087	0.101964	6292479	89.9998	-1
247.191	730.646	3.1087	0.101964	6292479	168.679	-1
247.191	730.646	3.1087	0.101964	6292479	336.758	-1
245.467	738.8	2.92076	0.0794693	1770495	255.948	-1
245.433	532.913	2.34669	0.0787647	2622207	94.9494	-1
245.396	524.524	2.54725	0.0925252	8585983	184.031	-1
247.576	425.045	2.20479	0.091527	14811647	86.0577	-1
247.576	425.045	2.20479	0.091527	14811647	283.637	-1
247.806	720.425	2.80027	0.0976228	15401727	174.138	-1
247.806	720.425	2.80027	0.0976228	15401727	326.638	-1
248.318	490.093	3.4859	0.0990521	14550015	77.8922	-1
248.318	490.093	3.4859	0.0990521	14550015	260.602	-1
244.194	734.56	2.83732	0.115502	16384767	341.96	-1
244.194	734.56	2.83732	0.115502	16384767	170.519	-1
244.119	750.1	2.14572	0.0812155	12845567	89.9801	-1
244.021	720.338	2.39531	0.0979676	4129535	326.729	-1
244.021	720.338	2.39531	0.0979676	4129535	188.636	-1
250.112	503.841	2.61393	0.0934458	10420991	94.2567	-1
250.112	503.841	2.61393	0.0934458	10420991	250.869	-1
250.144	514.039	2.40498	0.0933611	4391679	106.525	-1
243.265	760.169	2.19458	0.0852332	14483967	348.552	-1
243.265	760.169	2.19458	0.0852332	14483967	190.086	-1
250.144	514.039	2.40498	0.0933611	4391679	254.056	-1
250.248	554.085	2.47499	0.0966407	6488831	355.393	-1
250.276	760.88	2.53536	0.0937917	8258303	141.291	-1
250.276	760.88	2.53536	0.0937917	8258303	273.393	-1
250.276	760.88	2.53536	0.0937917	8258303	340.531	-1
703.269	940.38	2.10574	0.0808423	11534847	83.7712	-1
250.492	533.824	2.3156	0.0772092	1639167	175.305	-1
250.871	641.745	2.51198	0.0758196	7537407	33.3892	-1
241.997	553.936	2.68801	0.0943587	12452607	353.444	-1
241.997	553.936	2.68801	0.0943587	12452607	183.621	-1
241.983	534.025	3.97832	0.08681	7405824	90.9966	-1
241.252	634.206	2.16062	0.091454	13369855	152.769	-1
241.227	737.434	2.90749	0.0921754	1442815	318.041	-1
253	757.861	2.75102	0.0854927	14156543	9.53534	-1
253.026	738.372	2.47271	0.104539	6423295	204.841	-1
253.105	338.146	8.27035	0.0840653	10158337	242.587	-1
256.315	487.07	3.59643	0.0978696	65792	64.7333	-1
256.315	487.07	3.59643	0.0978696	65792	256.669	-1
256.419	628.851	2.67186	0.0907476	11993855	118.314	-1
256.419	628.851	2.67186	0.0907476	11993855	307.509	-1
239.27	524.958	2.39608	0.0937527	4129535	259.762	-1
239.27	524.958	2.39608	0.0937527	4129535	108.648	-1
239.232	514.165	2.31682	0.0942245	1704703	250.884	-1
239.232	514.165	2.31682	0.0942245	1704703	109.502	-1
239.191	503.883	2.47342	0.0926805	6423295	251.62	-1
239.191	503.883	2.47342	0.0926805	6423295	95.5048	-1
256.537	534.125	2.67312	0.0785672	12059391	52.5729	-1
256.648	553.734	2.58484	0.0802929	9634559	313.221	-1
256.904	729.35	1.94719	0.0893818	5833215	7.82016	-1
256.904	729.35	1.94719	0.0893818	5833215	174.605	-1
256.916	736.741	2.59333	0.0938255	9896703	204.569	-1
256.916	736.741	2.59333	0.0938255	9896703	336.529	-1
238.691	532.982	2.3961	0.0776931	4129535	83.007	-1
237.74	537.398	3.27189	0.0930976	9962495	183.632	-1
258.957	634.086	1.92428	0.0766427	4981247	308.045	-1
258.957	634.086	1.92428	0.0766427	4981247	355.531	-1
259.08	550.686	2.57861	0.0999813	9437951	3.48691	-1
259.08	550.686	2.57861	0.0999813	9437951	173.67	-1
259.138	537.151	2.56259	0.101783	8979199	185.298	-1
259.138	537.151	2.56259	0.101783	8979199	355.31	-1
260.621	737.926	2.3059	0.0886726	1377023	336.587	-1
260.802	489.18	2.58162	0.081991	9569023	240.824	-1
260.802	489.18	2.58162	0.081991	9569023	345.78	-1
703.269	940.38	2.10574	0.0808423	11534847	2.18643	-1
261.239	744.115	2.59435	0.0939403	9896703	303.012	-1
261.391	553.803	2.56683	0.0760784	9110271	227.121	-1
235.591	761.723	2.7583	0.0797834	14353151	295.23	-1
235.591	761.723	2.7583	0.0797834	14353151	192.008	-1
235.447	514.346	3.77005	0.0791666	3473664	358.373	-1
262.982	485.499	2.71882	0.0810475	13304575	84.6157	-1
235.2	504.443	3.52643	0.0870129	15401983	84.7541	-1
235.181	524.444	3.40173	0.0890656	12780543	277.743	-1
262.982	485.499	2.71882	0.0810475	13304575	160.506	-1
263.842	748.477	2.28668	0.0788606	787199	296.061	-1
263.865	759.915	1.95803	0.0927019	6226431	192.7	-1
234.456	720.792	2.50443	0.0878675	7340799	331.13	-1
125.434	195.415	55.989	0.0888536	14811907	176.848	-1
125.434	195.415	55.989	0.0888536	14811907	266.303	-1
698.971	156.109	3.47667	0.0805723	14353407	273.103	-1
264.156	556.798	3.3897	0.0809371	12518399	79.3153	-1
264.633	490.395	2.51801	0.0843056	7734015	169.405	-1
264.633	490.395	2.51801	0.0843056	7734015	345.211	-1
233.824	730.638	2.96837	0.0999647	2950143	339.065	-1
233.824	730.638	2.96837	0.0999647	2950143	92.654	-1
265.88	738.348	2.15434	0.0902686	13173247	188.307	-1
233.714	554.008	2.40388	0.0968483	4391679	186.486	-1
233.584	533.977	2.32906	0.0808283	2097919	9.55359	-1
128.277	688.379	2.96434	0.0787404	2819071	173.455	-1
265.904	717.667	3.02894	0.0915066	4391935	3.93582	-1
128.755	908.234	53.8901	0.085686	12059395	93.1789	-1
265.904	717.667	3.02894	0.0915066	4391935	153.677	-1
267.603	503.874	2.53912	0.0881322	8323839	179.816	-1
267.603	503.874	2.53912	0.0881322	8323839	354.505	-1
267.706	553.857	2.2826	0.100489	656127	189.998	-1
267.706	553.857	2.2826	0.100489	656127	340.541	-1
267.91	533.73	2.60988	0.0928283	10355455	156.485	-1
230.971	734.525	2.83987	0.113383	16450303	340.566	-1
230.971	734.525	2.83987	0.113383	16450303	173.155	-1
230.786	720.318	2.39537	0.100451	4129535	333.262	-1
230.786	720.318	2.39537	0.100451	4129535	189.472	-1
270.12	549.606	2.0484	0.08191	9503231	179.395	-1
228.744	494.715	2.72951	0.083243	13566719	70.8118	-1
228.582	509.044	4.37971	0.0909362	14352640	359.562	-1
270.12	549.606	2.0484	0.08191	9503231	342.435	-1
228.382	503.846	2.44136	0.0948464	5505791	252.744	-1
228.382	503.846	2.44136	0.0948464	5505791	97.9072	-1
228.368	524.963	2.38015	0.0919958	3670783	259.794	-1
228.368	524.963	2.38015	0.0919958	3670783	108.286	-1
228.305	514.19	2.36027	0.0927785	3080959	251.402	-1
133.927	698.1	9.38615	0.0926552	2621953	167.926	-1
228.305	514.19	2.36027	0.0927785	3080959	110.492	-1
270.12	683.308	5.43914	0.0799666	13304320	295.135	-1
270.559	560.009	2.77839	0.0815424	14877439	80.0258	-1
270.996	555.784	2.97768	0.0793263	3146751	80.1161	-1
271.675	535.404	2.36588	0.09034	3212031	158.993	-1
272.712	738.007	2.85351	0.0969283	66559	328.2	-1
273.024	716.785	2.51235	0.0993663	7537407	6.71573	-1
273.024	716.785	2.51235	0.0993663	7537407	170.868	-1
226.849	412.78	2.22993	0.0771071	15663615	322.412	-1
226.749	228.268	24.9097	0.0770536	6357762	265.486	-1
226.749	228.268	24.9097	0.0770536	6357762	96.3451	-1
274.535	559.473	2.20184	0.0764176	14746111	253.036	-1
226.219	570.115	3.19958	0.0914438	8324095	257.744	-1
226.219	570.115	3.19958	0.0914438	8324095	76.514	-1
226.202	848.604	150.609	0.0936958	2818565	187.024	-1
226.202	848.604	150.609	0.0936958	2818565	84.2404	-1
274.535	553.07	2.98496	0.0889377	3343359	184.572	-1
274.635	533.546	2.4029	0.092282	4326143	7.93073	-1
275.859	396.726	6.2882	0.0836446	7078656	194.596	-1
225.271	537.086	2.46769	0.0984668	6292223	350.876	-1
225.271	537.086	2.46769	0.0984668	6292223	183.646	-1
225.208	550.401	2.51536	0.0977625	7668479	177.598	-1
137.92	721.532	8.33237	0.0777705	10748161	169.548	-1
277.951	417.637	5.54566	0.105312	14680576	6.55176	-1
224.809	696.84	2.55473	0.0775497	8782591	3.58441	-1
278.096	611.577	1.91605	0.0854338	4653567	113.454	-1
224.413	718.722	2.23774	0.0782811	15925759	179.662	-1
224.282	723.391	2.09903	0.0806856	11272703	181.303	-1
224.282	723.391	2.09903	0.0806856	11272703	1.88599	-1
224.243	504.348	3.18374	0.0869809	7996415	85.8391	-1
224.145	524.47	3.19546	0.091182	8258559	275.09	-1
279.534	424.228	3.96288	0.0833132	7078144	70.8264	-1
279.896	737.961	2.92106	0.0790941	1770495	299.328	-1
222.952	533.324	3.03356	0.0823581	4523007	82.8098	-1
281.913	361.453	5.92668	0.0881327	2818816	94.1782	-1
142.939	756.015	8.59197	0.0787582	12976385	183.906	-1
281.913	361.453	5.92668	0.0881327	2818816	184.639	-1
222.322	694.189	2.49587	0.0764133	7078655	227.713	-1
222.262	496.225	2.72803	0.0774431	13501183	250.982	-1
222.262	496.225	2.72803	0.0774431	13501183	78.3061	-1
282	402.421	5.8767	0.112235	2163456	18.3484	-1
221.436	718.043	2.424	0.0799161	4981503	177.951	-1
221.436	718.043	2.424	0.0799161	4981503	1.80353	-1
282	402.421	5.8767	0.112235	2163456	197.804	-1
282.25	329.081	9.54897	0.0844375	3867137	259.655	-1
221.123	737.845	2.77208	0.0923636	14680831	337.099	-1
282.333	720.42	2.44839	0.100098	5702399	189.032	-1
282.333	720.42	2.44839	0.100098	5702399	327.286	-1
282.511	734.524	2.85756	0.114846	197631	175.556	-1
282.511	734.524	2.85756	0.114846	197631	340.828	-1
220.468	522.595	2.07984	0.0796558	10617343	358.609	-1
220.248	513.891	2.37251	0.0909413	3408639	359.688	-1
220.248	513.891	2.37251	0.0909413	3408639	182.463	-1
219.658	501.449	3.66338	0.0787898	1442048	248.686	-1
219.34	691.345	2.80883	0.0956606	15663871	177.417	-1
219.34	691.345	2.80883	0.0956606	15663871	2.37717	-1
219.284	688.651	2.64784	0.0982672	11338495	352.841	-1
219.284	688.651	2.64784	0.0982672	11338495	182.425	-1
149.726	230.594	103.079	0.0825072	8848132	171.067	-1
149.726	230.594	103.079	0.0825072	8848132	259.515	-1
283.299	725.173	4.05618	0.077369	8782080	179.471	-1
218.608	571.927	3.48729	0.0928778	14550015	255.609	-1
218.608	571.927	3.48729	0.0928778	14550015	80.9661	-1
284.771	426.841	3.32584	0.0759487	11142143	72.2625	-1
218.163	718.791	2.50627	0.0846591	7406335	161.023	-1
284.771	426.841	3.32584	0.0759487	11142143	184.16	-1
285.568	730.721	3.25121	0.105448	9503743	176.474	-1
287.932	408.41	5.63723	0.0886412	15860224	7.74292	-1
287.932	408.41	5.63723	0.0886412	15860224	199.219	-1
288.226	447.193	5.30405	0.09745	11469312	12.1813	-1
288.232	363.022	3.41999	0.0786107	13173759	89.9941	-1
216.841	504.423	2.63225	0.0797812	10945279	131.096	-1
216.695	538.349	4.21963	0.0937982	11665664	1.58932	-1
216.638	548.875	4.34842	0.0939346	13828352	0.121887	-1
288.605	356.663	5.04479	0.115046	7864832	4.97729	-1
216.511	524.57	2.6285	0.0783168	10814207	252.387	-1
288.605	356.663	5.04479	0.115046	7864832	194.223	-1
216.448	533.048	2.44173	0.0887549	5505791	95.6854	-1
216.397	543.517	2.25394	0.0902091	16450047	260.785	-1
216.397	543.517	2.25394	0.0902091	16450047	102.98	-1
216.397	554.453	2.42433	0.0914657	4981503	264.865	-1
216.007	705.843	2.39425	0.0775278	4063999	348.912	-1
216.007	705.843	2.39425	0.0775278	4063999	183.178	-1
289.189	396.081	5.74235	0.0855282	525056	5.48962	-1
289.189	396.081	5.74235	0.0855282	525056	274.563	-1
214.76	508.143	2.53331	0.107062	8192767	357.709	-1
214.76	508.143	2.53331	0.107062	8192767	185.383	-1
214.753	517.757	2.4091	0.100934	4522751	357.518	-1
214.753	517.757	2.4091	0.100934	4522751	182.777	-1
214.671	521.092	2.37486	0.0994101	3474175	178.453	-1
214.568	500.667	2.2989	0.081673	1114879	256.722	-1
293.279	333.112	6.12563	0.119089	5178112	19.9016	-1
214.241	738.104	2.32334	0.088359	1901311	186.627	-1
295.126	361.017	6.0574	0.0924176	4391680	15.2814	-1
296.82	428.054	5.66979	0.0927897	16318976	9.97522	-1
296.82	428.054	5.66979	0.0927897	16318976	85.8806	-1
298.475	340.907	6.01014	0.0928194	3801856	10.52	-1
298.475	340.907	6.01014	0.0928194	3801856	195.839	-1
212.197	553.707	3.26938	0.0914936	9896959	355.552	-1
212.197	553.707	3.26938	0.0914936	9896959	273.55	-1
212.126	524.562	3.04311	0.0853634	4719615	355.841	-1
211.644	508.714	2.34248	0.0832503	2491135	359.969	-1
211.609	519.212	2.39682	0.0833415	4195071	359.716	-1
210.579	451.57	2.03996	0.0850326	9241087	117.205	-1
303.761	328.082	7.87778	0.0791972	6684929	63.2303	-1
591.229	862.851	2.09127	0.0780976	11010559	169.637	-1
591.229	862.851	2.09127	0.0780976	11010559	10.4768	-1
303.761	328.082	7.87778	0.0791972	6684929	243.906	-1
303.761	328.082	7.87778	0.0791972	6684929	342.8	-1
209.922	755.585	2.48883	0.0780122	6882047	358.716	-1
209.922	755.585	2.48883	0.0780122	6882047	215.15	-1
209.666	750.489	2.07268	0.0794771	10355199	219.413	-1
209.141	738.395	2.35639	0.0913571	2949887	337.001	-1
208.77	573.201	4.69101	0.0960673	2621952	332.911	-1
208.77	573.201	4.69101	0.0960673	2621952	135.333	-1
312.498	324.844	5.08821	0.114049	8454656	2.65976	-1
315.595	420.86	4.44266	0.0931036	15401216	84.16	-1
320.598	272.459	5.15093	0.111612	9372160	183.671	-1
320.601	425.898	5.85719	0.0865995	1966848	72.1352	-1
206.285	697.399	1.94847	0.0835504	5898751	170.406	-1
206.285	697.399	1.94847	0.0835504	5898751	3.95209	-1
206.114	704.242	2.43372	0.0867421	5243647	345.789	-1
206.114	704.242	2.43372	0.0867421	5243647	196.672	-1
206.023	752.677	2.27159	0.0886827	262911	356.506	-1
206.023	752.677	2.27159	0.0886827	262911	214.154	-1
206.023	752.677	2.27159	0.0886827	262911	142.445	-1
206.018	758.399	2.32689	0.0916698	2032383	355.077	-1
323.347	763.82	5.41157	0.10626	12911104	296.971	-1
205.375	736.694	2.67724	0.0970953	12190463	336.389	-1
205.375	736.694	2.67724	0.0970953	12190463	204.327	-1
205.349	729.506	1.87283	0.0998217	3015167	175.959	-1
205.349	729.506	1.87283	0.0998217	3015167	6.33655	-1
205.316	718.581	3.39913	0.078311	12715007	168.531	-1
205.316	718.581	3.39913	0.078311	12715007	9.86957	-1
204.111	557.6	3.96384	0.0924509	7143680	343.08	-1
204.111	557.6	3.96384	0.0924509	7143680	171.686	-1
204.075	500.051	3.60735	0.0993913	327936	257.735	-1
204.075	500.051	3.60735	0.0993913	327936	73.0993	-1
203.808	760.955	2.27796	0.0758841	459519	284.713	-1
203.808	760.955	2.27796	0.0758841	459519	147.191	-1
326.22	419.211	4.67331	0.0825144	2294272	78.9647	-1
326.22	419.211	4.67331	0.0825144	2294272	124.952	-1
330.721	924.135	21.228	0.076265	11534850	2.28296	-1
202.671	732.808	3.19603	0.0760936	8258559	6.61597	-1
330.721	924.135	21.228	0.076265	11534850	85.576	-1
202.525	706.283	2.32471	0.0873382	1966847	199	-1
332.185	424.859	4.68079	0.08858	2425344	82.9066	-1
332.725	345.011	2.09286	0.0978595	11076095	12.0048	-1
572.553	371.793	4.71318	0.0913215	2949632	256.812	-1
572.553	371.793	4.71318	0.0913215	2949632	111.191	-1
572.137	164.955	7.06923	0.0775083	15532800	272.915	-1
201.402	738.303	2.68887	0.108468	12452607	204.391	-1
570.066	165.79	8.31994	0.0768434	10617089	273.541	-1
201.402	738.303	2.68887	0.108468	12452607	2.11136	-1
344.916	418.527	4.79121	0.0958762	4129280	26.3702	-1
344.916	418.527	4.79121	0.0958762	4129280	84.0247	-1
200.648	699.951	2.27844	0.0797632	525055	170.82	-1
200.648	699.951	2.27844	0.0797632	525055	9.08478	-1
199.647	752.676	2.22062	0.0906316	15335935	221.409	-1
199.647	752.676	2.22062	0.0906316	15335935	131.164	-1
199.59	728.974	2.53295	0.0796883	8192767	10.5064	-1
197.656	721.653	2.5393	0.0805067	8323839	179.339	-1
197.622	755.5	2.12065	0.0759677	11993599	223.842	-1
197.622	755.5	2.12065	0.0759677	11993599	132.828	-1
197.622	755.5	2.12065	0.0759677	11993599	0.302856	-1
197.564	750.104	2.00275	0.0793931	7864831	221.607	-1
197.472	760.987	2.03853	0.0831256	9175551	140.448	-1
196.82	726.603	2.65727	0.0860976	11600639	232.131	-1
370.877	356.282	3.94764	0.116998	6816000	24.55	-1
370.877	356.282	3.94764	0.116998	6816000	183.654	-1
373.116	425.014	4.9574	0.0793355	6619648	84.447	-1
375.542	351.054	5.51389	0.0854396	14287360	9.05066	-1
194.937	517.569	4.99474	0.095379	7143936	168.634	-1
381.383	326.019	3.3703	0.112493	12125183	154.465	-1
381.383	326.019	3.3703	0.112493	12125183	343.693	-1
194.271	687.562	2.03092	0.0907065	8913407	340.533	-1
194.199	703.195	2.42749	0.0998825	5112575	154.102	-1
194.133	720.528	2.53256	0.102177	8127231	348.746	-1
194.133	720.528	2.53256	0.102177	8127231	187.179	-1
194.129	723.685	2.60383	0.107331	10158847	359.734	-1
194.129	723.685	2.60383	0.107331	10158847	179.871	-1
393.316	419.221	4.93616	0.0786804	6291968	90.0132	-1
193.018	503.834	3.7581	0.0853439	3277056	356.599	-1
193.018	503.834	3.7581	0.0853439	3277056	66.354	-1
192.927	503.685	3.57462	0.0863801	16385023	68.5027	-1
400.023	400.199	7.75661	0.0852834	5570817	190.59	-1
192.374	693.669	2.42438	0.075645	4981503	322.379	-1
192.374	693.669	2.42438	0.075645	4981503	138.187	-1
408.605	419.209	5.07334	0.0884547	8258048	44.6815	-1
408.745	351.311	6.49267	0.0819799	9372416	264.798	-1
413.647	357.813	5.91898	0.091618	2687744	16.8974	-1
190.853	738.401	2.63605	0.102783	11076351	188.816	-1
413.647	357.813	5.91898	0.091618	2687744	84.4419	-1
190.619	702.617	2.51193	0.0850337	7537407	352.844	-1
190.619	702.617	2.51193	0.0850337	7537407	151.768	-1
423.509	339.095	9.19964	0.0839607	1180161	95.1446	-1
423.975	356.654	4.79047	0.104026	4129280	95.4965	-1
423.975	356.654	4.79047	0.104026	4129280	241.468	-1
424.283	398.96	6.3537	0.0813642	7799552	64.8334	-1
424.283	398.96	6.3537	0.0813642	7799552	223.975	-1
424.283	398.96	6.3537	0.0813642	7799552	260.499	-1
431.88	349.03	8.57051	0.0828373	12779777	34.3023	-1
543.063	396.64	4.37609	0.0903973	14287104	343.214	-1
439.374	379.022	2.51323	0.12222	7602943	3.37854	-1
439.374	379.022	2.51323	0.12222	7602943	42.6416	-1
543.063	396.64	4.37609	0.0903973	14287104	199.23	-1
439.374	379.022	2.51323	0.12222	7602943	90.0206	-1
439.374	379.022	2.51323	0.12222	7602943	175.526	-1
439.963	376.077	9.33258	0.0763333	2228737	1.29849	-1
440.538	372.776	5.08864	0.0783957	8454656	347.604	-1
441.977	405.004	4.95249	0.084809	6554112	97.9364	-1
443.065	381.301	3.26109	0.0845857	9700351	86.6284	-1
445.365	398.965	6.02956	0.0813964	4064000	107.135	-1
445.365	398.965	6.02956	0.0813964	4064000	275.865	-1
445.365	398.965	6.02956	0.0813964	4064000	342.325	-1
451.394	337.748	6.68217	0.076892	11469568	38.6409	-1
460.133	432.778	5.53647	0.0911977	14615040	71.8155	-1
464.692	338.763	2.70982	0.0928968	13042431	338.739	-1
465.894	349.758	8.57818	0.0805715	12845313	161.261	-1
471.731	331.433	4.60879	0.0845034	1311232	260.514	-1
472.943	357.675	5.56509	0.100996	14942720	85.8872	-1
472.943	357.675	5.56509	0.100996	14942720	344.646	-1
478.096	400.986	8.74101	0.0862942	14221569	7.38281	-1
478.096	400.986	8.74101	0.0862942	14221569	169.048	-1
481.833	357.14	4.8193	0.106999	4522496	94.8095	-1
533.195	339.14	9.09667	0.0756649	393729	94.2865	-1
487.592	351.652	6.00586	0.0859041	3736320	6.31055	-1
181.111	228.48	23.5485	0.0874998	2294530	274.748	-1
181.111	228.48	23.5485	0.0874998	2294530	85.7576	-1
507.269	414.796	5.11454	0.0963606	8847872	17.6968	-1
532.014	351.621	7.01887	0.0879131	15008512	40.4688	-1
507.269	414.796	5.11454	0.0963606	8847872	70.8306	-1
511.917	420.592	6.5896	0.0767512	10486528	58.5109	-1
511.917	420.592	6.5896	0.0767512	10486528	249.601	-1
515.706	404.653	4.90596	0.0974991	5833216	12.6348	-1
520.65	351.034	5.2301	0.0777383	10486272	194.215	-1
520.65	351.034	5.2301	0.0777383	10486272	265.091	-1
524.193	356.294	3.96474	0.125368	7143680	23.7036	-1
524.193	356.294	3.96474	0.125368	7143680	208.698	-1
246.418	514.35	4.14039	0.0756352	10289408	223.479	-1
292.711	453.55	6.59064	0.0607658	10486528	60.7846	-1
246.418	514.35	4.14039	0.0756352	10289408	131.804	-1
246.418	514.35	4.14039	0.0756352	10289408	0.68219	-1
525.621	862.335	1.95957	0.0696996	6291967	123.267	-1
525.621	862.335	1.95957	0.0696996	6291967	66.012	-1
529.12	413.262	3.34589	0.0598469	11600895	311.051	-1
176.711	799.481	2.82285	0.0703672	15991551	96.8011	-1
529.87	872.854	1.93935	0.0500817	5571071	257.378	-1
523.891	869.418	2.46281	0.0554496	6161151	266.781	-1
523.891	869.418	2.46281	0.0554496	6161151	83.3809	-1
521.303	155.779	6.25357	0.0494327	6685440	274.141	-1
88.6381	186.695	4.50921	0.0494121	16449792	185.389	-1
88.7866	171.599	6.62008	0.0492816	10814208	184.618	-1
520.349	156.8	4.4597	0.0502081	15663360	275.308	-1
517.984	868.926	3.04321	0.0505871	4719615	273.315	-1
517.984	868.926	3.04321	0.0505871	4719615	92.7774	-1
516.211	857.796	1.98326	0.0678172	7143935	173.942	-1
246.649	558.776	5.42268	0.0552997	13107712	72.4522	-1
514.421	238.847	2.37291	0.0488944	3408639	38.9495	-1
91.0944	200.564	2.13996	0.0561157	12648959	175.208	-1
513.08	161.177	5.54698	0.0504819	14746112	273.893	-1
92.4019	220.702	2.64603	0.0511254	11338495	170.322	-1
92.5893	207.327	2.43765	0.0494597	5374719	168.371	-1
174.843	812.404	20.1815	0.0718064	7864834	338.173	-1
174.843	812.404	20.1815	0.0718064	7864834	181.678	-1
92.9221	231.284	4.07601	0.051189	9175296	173.599	-1
246	493.437	1.90624	0.0499167	4325887	273.61	-1
93.2818	231.005	3.55114	0.0513552	15860735	173.547	-1
94.2269	179.727	5.24032	0.0507633	10617344	184.658	-1
245.525	416.783	2.90595	0.0675013	1377279	269.343	-1
179.528	675.384	2.03664	0.0493948	9110015	338.152	-1
245.525	416.783	2.90595	0.0675013	1377279	0.788727	-1
174.843	812.404	20.1815	0.0718064	7864834	113.037	-1
94.8103	241.477	3.17752	0.0512799	7865343	171.251	-1
95.0654	215.6	4.27309	0.0550959	12583168	173.175	-1
504.687	345.994	17.9536	0.0570669	16122114	92.4974	-1
247.396	486.507	2.48451	0.0545135	6750975	78.412	-1
95.1425	908.402	6.76313	0.0539636	12321536	193.179	-1
95.7292	225.854	3.09772	0.0517472	6030335	171.928	-1
95.9757	180.121	7.96094	0.0487719	7405825	186.101	-1
96.8126	197.69	11.4801	0.0543043	459521	175.685	-1
244.914	725.163	4.03386	0.0707455	8388864	180.869	-1
495.214	397.511	14.9995	0.0579067	3145986	189.228	-1
247.827	223.88	2.17331	0.0627959	13763071	107.968	-1
495.214	397.511	14.9995	0.0579067	3145986	3.52869	-1
494.394	493.314	6.71254	0.0495292	11797248	56.9292	-1
532.939	339.265	9.31941	0.0746925	2097665	93.1572	-1
98.032	254.648	2.255	0.049054	16450047	166.877	-1
493.718	402.015	13.3411	0.060368	11338497	2.6846	-1
489.456	154.71	5.64812	0.0493299	16056832	274.536	-1
98.048	235.701	4.64209	0.0514864	1835520	172.473	-1
98.1243	245.127	2.59935	0.0519109	10027775	172.245	-1
173.958	587.868	3.73213	0.0546882	2752768	257.675	-1
485.764	411.368	6.31907	0.0603213	7406336	262.727	-1
485.764	411.368	6.31907	0.0603213	7406336	7.70569	-1
485.677	411.512	6.27044	0.0604977	6882048	262.807	-1
485.677	411.512	6.27044	0.0604977	6882048	7.24454	-1
484.523	367.467	8.33351	0.0704572	10748161	9.15906	-1
482.278	416.43	2.50103	0.0689915	7275263	253.699	-1
98.9016	244.693	3.78916	0.0503853	3866880	170.111	-1
480.066	326.346	3.26897	0.053147	9896959	262.437	-1
479.951	325.96	3.69265	0.0530678	2031872	258.14	-1
478.115	340.32	8.49085	0.0711625	12058881	274.278	-1
182.226	679.74	2.34511	0.052142	2556671	333.487	-1
478.115	340.32	8.49085	0.0711625	12058881	87.848	-1
99.4011	260.069	2.24242	0.0492887	16056831	166.22	-1
248.59	517.567	2.47657	0.0666734	6554367	189.193	-1
248.59	517.567	2.47657	0.0666734	6554367	254.965	-1
475.009	334.747	2.92711	0.0655772	1901567	84.0045	-1
475.009	334.747	2.92711	0.0655772	1901567	28.5516	-1
248.887	413.021	6.50228	0.0605722	9503488	5.74377	-1
248.887	413.021	6.50228	0.0605722	9503488	273.916	-1
173.034	630.669	2.48955	0.0534669	6882047	116.158	-1
243.762	755.643	2.48764	0.0737693	6882047	349.786	-1
243.762	755.643	2.48764	0.0737693	6882047	215.092	-1
471.471	153.671	4.98	0.0495358	6947328	275.166	-1
470.898	346.248	3.06507	0.0716468	5243903	269.469	-1
250.081	725.64	4.91794	0.0649311	6029824	8.97339	-1
470.898	346.248	3.06507	0.0716468	5243903	10.1394	-1
100.641	887.856	2.02721	0.0536806	8782335	190.616	-1
100.676	256.459	2.11331	0.0493272	11796991	167.864	-1
184.364	802.672	2.44144	0.0576629	5505791	130.28	-1
243.504	727.179	2.37223	0.070491	3408639	178.16	-1
537.789	863.191	3.84764	0.066222	4980992	192.66	-1
464.209	158.13	4.97574	0.0496728	6881792	274.784	-1
463.627	409.743	12.5182	0.0628644	6750977	171.655	-1
184.609	623.79	1.83563	0.0726448	1573375	131.294	-1
463.605	328.756	6.77864	0.066599	12518144	21.5491	-1
537.789	863.191	3.84764	0.066222	4980992	345.073	-1
459.87	328.83	2.70682	0.0570027	12976895	325.961	-1
458.387	417.639	6.6923	0.0529968	11600640	341.443	-1
184.771	744.055	7.98424	0.0508207	7667969	70.0969	-1
184.771	744.055	7.98424	0.0508207	7667969	264.341	-1
243.393	621.615	2.59214	0.0498405	9831167	300.989	-1
455.649	422.787	2.51768	0.0580228	7734015	341.671	-1
454.255	427.343	5.23079	0.0627301	10486272	62.8014	-1
451.837	156.087	3.41229	0.0489552	12977151	274.682	-1
100.876	267.846	3.87136	0.0491171	5439744	162.878	-1
101.893	268.059	2.4964	0.0503961	7078655	164.179	-1
186.462	821.31	2.986	0.0635193	3343359	222.252	-1
102.113	882.683	2.06613	0.0499356	10158591	193.995	-1
542.094	870.233	2.02099	0.0597722	8520191	331.347	-1
172.534	594.154	4.54354	0.0522049	262656	83.0599	-1
187.046	724.074	2.97484	0.0585585	3081215	359.009	-1
102.392	261.706	2.49842	0.051774	7144191	164.392	-1
703.331	904.862	2.15235	0.0494254	13107711	355.601	-1
542.315	334.613	2.93857	0.0667091	2163711	100.332	-1
542.315	334.613	2.93857	0.0667091	2163711	194.31	-1
103.509	870.779	2.15644	0.0503685	13238783	193.888	-1
250.715	411.437	8.31906	0.0598103	10617089	5.47131	-1
250.715	411.437	8.31906	0.0598103	10617089	274.064	-1
103.526	273.554	2.15395	0.0503924	13173247	166.119	-1
242.1	522.211	2.44366	0.058868	5571327	1.23459	-1
104.077	261.83	5.13534	0.0489684	9175552	162.215	-1
187.82	663.22	1.85958	0.0538642	2490879	2.63797	-1
187.82	663.22	1.85958	0.0538642	2490879	229.396	-1
172.055	221.57	3.76421	0.0506936	3408128	192.106	-1
172.055	221.57	3.76421	0.0506936	3408128	27.9413	-1
104.593	270.043	2.03787	0.0492559	9110015	168.819	-1
104.941	865.515	1.91566	0.0532623	4653567	192.377	-1
241.978	528.889	3.71605	0.0683621	2490624	90.8144	-1
433.414	334.395	2.42852	0.068607	5112575	209.62	-1
433.414	334.395	2.42852	0.068607	5112575	98.7043	-1
543.958	201.033	2.70179	0.0498844	12845823	37.7206	-1
427.309	405.256	5.43474	0.0712916	13238784	80.9421	-1
188.924	814.445	2.95365	0.0633772	2556927	178.545	-1
427.309	405.256	5.43474	0.0712916	13238784	45.7377	-1
241.913	516.827	2.42878	0.0585816	5112575	356.925	-1
189.003	808.965	1.90135	0.0531267	4129279	159.516	-1
241.88	511.473	2.59608	0.0591719	9962239	1.52722	-1
545.155	872.906	1.88714	0.0534225	3604991	281.462	-1
546.192	340.626	5.66964	0.074775	16318976	60.7408	-1
251.115	628.44	1.81482	0.0534883	786943	74.0704	-1
424.094	386.611	10.0378	0.0516902	7471617	260.247	-1
251.115	628.44	1.81482	0.0534883	786943	260.227	-1
424.094	386.611	10.0378	0.0516902	7471617	38.4833	-1
241.57	882.017	2.40121	0.0510271	4326143	273.594	-1
241.57	882.017	2.40121	0.0510271	4326143	90.101	-1
170.68	693.486	2.42352	0.0513378	4981503	9.26303	-1
105.968	868.974	1.96973	0.0520354	6685183	191.573	-1
417.471	362.025	2.9938	0.0589357	3539967	263.883	-1
106.096	275.061	2.17137	0.0499463	13763071	167.926	-1
417.471	362.025	2.9938	0.0589357	3539967	194.506	-1
190.608	511.95	2.77967	0.0575711	14877439	357.618	-1
241.197	423.946	10.1798	0.0696249	8520193	104.728	-1
240.686	387.577	16.1104	0.0497469	8257794	7.36176	-1
190.631	750.011	2.26062	0.0639084	16646655	80.7523	-1
170.466	800.03	2.36181	0.0547246	3080959	71.2246	-1
170.311	475.952	71.6633	0.0697611	15991044	179.006	-1
107.344	863.703	2.0074	0.0514316	8061439	193.321	-1
253.401	744.374	8.18207	0.0671962	9437441	270.607	-1
191.24	717.115	3.51275	0.0701641	15074303	84.7922	-1
191.24	717.115	3.51275	0.0701641	15074303	354.019	-1
548.829	172.84	21.1243	0.0699413	11141634	275.59	-1
191.468	761.005	2.31524	0.0525725	1639167	246.953	-1
254.447	732.549	2.83844	0.0715655	16384767	10.3233	-1
191.596	727.279	3.20792	0.0682946	8520703	1.89972	-1
191.714	698.004	2.5453	0.0572994	8520447	319.967	-1
239.955	639.278	1.81338	0.0701938	721407	229.573	-1
255.108	558.322	4.34914	0.0708115	13828352	77.5505	-1
404.728	409.879	6.64314	0.0754151	11076352	30.8446	-1
108.936	850.409	2.16738	0.0538284	13566463	187.95	-1
192.326	523.09	2.68072	0.0531202	12255999	341.888	-1
550.162	872.878	2.16798	0.0526014	13631999	269.295	-1
109.957	843.437	2.71713	0.0530769	13239039	190.607	-1
110.045	853.955	1.94761	0.0553458	5833215	190.964	-1
110.112	294.004	2.39689	0.0491398	4195071	165.456	-1
111.477	836.675	2.53707	0.0538541	8258303	190.81	-1
397.989	415.175	2.74813	0.068713	14025471	266.333	-1
551.538	860.824	2.71515	0.0602956	13173503	168.829	-1
397.989	415.175	2.74813	0.068713	14025471	28.8268	-1
112.102	847.824	3.08195	0.054217	5637119	191.2	-1
554.148	863.44	2.03223	0.0549641	8913407	70.8369	-1
394.474	522.447	29.1825	0.0551736	1114371	10.4821	-1
554.719	873.021	1.91398	0.058437	4588031	270.059	-1
392.294	344.714	17.1663	0.0570824	12845314	97.0609	-1
112.824	829.97	2.50465	0.0524469	7340799	190.566	-1
113.018	295.557	2.29216	0.0527023	918271	165.674	-1
113.13	840.934	2.61772	0.0535017	10552063	190.54	-1
114.027	823.172	2.77288	0.0504447	14680831	189.163	-1
114.541	834.076	2.65915	0.0512732	11666175	191.278	-1
385.773	486.891	3.94264	0.0528841	6750464	22.4232	-1
384.025	156.746	2.3298	0.0563952	2097919	260.971	-1
115.749	320.115	6.90158	0.0527226	13828864	170.422	-1
382.289	482.862	12.9734	0.0568226	9306881	21.0226	-1
381.895	403.438	13.4945	0.0606206	12190465	193.41	-1
115.859	816.493	1.98352	0.0534775	7209471	189.034	-1
555.971	226.576	2.49297	0.0569622	7013119	9.03876	-1
115.966	827.451	2.74198	0.0527355	13894399	190.34	-1
557.704	862.753	2.17163	0.0738328	13763071	18.1573	-1
381.895	403.438	13.4945	0.0606206	12190465	1.28479	-1
194.189	730.664	2.45712	0.0715374	5964543	184.161	-1
194.189	730.664	2.45712	0.0715374	5964543	251.206	-1
557.704	862.753	2.17163	0.0738328	13763071	166.406	-1
116.921	808.284	2.35361	0.049407	2818815	194.165	-1
194.524	529.955	2.17294	0.0529425	13763071	344.539	-1
238.491	687.816	2.27075	0.0542243	262911	311.952	-1
167.998	625.949	2.44507	0.052942	5636863	317.215	-1
238.491	687.816	2.27075	0.0542243	262911	265.453	-1
380.685	483.997	14.794	0.0557288	2097410	22.8754	-1
257.39	758.213	3.10072	0.0664012	6095871	6.61343	-1
117.003	820.22	2.28334	0.0535036	656127	191.129	-1
376.701	512.78	4.99131	0.0558621	7078400	15.9142	-1
237.69	521.499	2.4374	0.0722957	5374719	172.005	-1
237.69	521.499	2.4374	0.0722957	5374719	108.643	-1
237.642	719.785	2.12504	0.0664629	12190207	8.36542	-1
372.231	525.038	6.22372	0.0654303	6357760	17.7212	-1
195.2	696.935	2.69649	0.0705552	12714751	320.864	-1
237.635	517.626	2.41046	0.0677243	4588287	250.794	-1
371.04	413.186	4.31698	0.0639952	13304064	272.075	-1
371.04	413.186	4.31698	0.0639952	13304064	5.28534	-1
196.12	742.112	7.45796	0.0507396	2687233	82.9496	-1
237.635	517.626	2.41046	0.0677243	4588287	189.915	-1
117.985	802.309	3.06325	0.0498555	5178367	190.063	-1
370.101	414.442	3.29221	0.0644343	10421247	269.941	-1
370.101	414.442	3.29221	0.0644343	10421247	3.01862	-1
196.811	541.101	2.38233	0.0527395	3736319	344.041	-1
118.953	812.626	3.29681	0.051049	10486783	190.473	-1
196.838	506.398	3.05566	0.0668889	5047295	163.034	-1
368.066	338.959	10.114	0.0546849	8061441	273.221	-1
368.066	338.959	10.114	0.0546849	8061441	107.393	-1
367.255	419.061	5.33027	0.0629806	11862528	75.8042	-1
366.77	553.086	3.03248	0.0509673	4457471	8.14197	-1
260.115	747.44	2.66385	0.063095	11797247	303.584	-1
260.132	482.753	2.01742	0.0596988	8389119	82.3909	-1
237.216	741.433	5.05556	0.067481	7995904	291.909	-1
237.216	741.433	5.05556	0.067481	7995904	228.455	-1
237.216	741.433	5.05556	0.067481	7995904	125.714	-1
567.153	869.938	1.98893	0.0590663	7406079	213.669	-1
366.043	351.234	6.34319	0.072154	7734016	268.656	-1
197.708	688.61	2.46775	0.0741547	6292223	333.178	-1
365.057	416.307	9.20017	0.0656012	1180161	186.23	-1
237.138	723.659	2.51314	0.0633908	7602943	359.43	-1
360.913	353.244	2.59497	0.0660947	9896703	199.047	-1
360.913	353.244	2.59497	0.0660947	9896703	99.3269	-1
360.834	553.421	12.6355	0.0625831	7406337	11.0996	-1
120.259	812.594	5.28817	0.049385	11272704	190.831	-1
360.17	581.165	3.0633	0.056255	5178367	12.1072	-1
260.939	678.496	4.91197	0.0524582	5898752	305.61	-1
198.617	555.187	4.07696	0.0573164	9175296	349.119	-1
261.022	661.84	2.48607	0.0632671	6816511	90.3712	-1
261.204	336.056	3.37689	0.0656951	12256255	14.2582	-1
121.707	799.2	3.3583	0.0535212	11863039	190.461	-1
122.023	799.274	3.72869	0.0530044	2687232	192.66	-1
199.345	643.37	2.28722	0.0529333	787199	95.9891	-1
235.818	725.78	3.89693	0.066923	5898496	1.57855	-1
261.737	597.072	2.59641	0.065313	9962239	318.384	-1
122.147	388.041	1.91139	0.0500235	4522495	173.836	-1
166.445	156.501	2.06353	0.064963	10027519	265.386	-1
262.782	732.853	2.13794	0.0754878	12583423	1.12622	-1
262.782	732.853	2.13794	0.0754878	12583423	169.399	-1
347.655	588.399	19.2188	0.0525439	4325890	12.0886	-1
346.174	362.809	13.6702	0.0633836	13107969	191.131	-1
235.419	571.604	2.94368	0.0541409	2294783	262.856	-1
568.406	940.422	2.14818	0.0659165	12976639	94.3676	-1
263.166	637.856	2.83022	0.061671	16188159	349.262	-1
346.174	362.809	13.6702	0.0633836	13107969	16.124	-1
234.661	227.143	1.97015	0.0665627	6685183	262.299	-1
234.661	227.143	1.97015	0.0665627	6685183	45.0968	-1
126.292	711.751	10.5893	0.0491491	11338241	169.798	-1
265.356	731.083	2.0733	0.0681772	10420735	359.813	-1
342.749	834.689	9.94595	0.0559864	6816257	0.492432	-1
341.424	736.636	2.78385	0.0507559	15008511	0.232605	-1
126.691	432.314	4.47888	0.0490414	15991040	175.977	-1
338.711	353.987	3.18611	0.0701063	8061951	79.4676	-1
201.389	527.129	2.93694	0.0494782	2163711	161.836	-1
265.602	482.516	2.61946	0.0571385	10617599	347.148	-1
127.649	700.27	2.68634	0.0554178	12387071	168.046	-1
338.711	353.987	3.18611	0.0701063	8061951	14.5699	-1
338.482	348.359	5.52209	0.0641336	14418432	70.7551	-1
337.86	702.393	7.70019	0.057694	5046529	0.0478821	-1
127.775	700.307	2.48427	0.0556168	6750975	168.365	-1
201.658	688.612	3.23821	0.0677705	9241599	359.645	-1
335.956	406.289	9.97709	0.0641757	7078401	6.53333	-1
335.092	762.406	2.64134	0.0681956	11207423	111.04	-1
333.661	640.232	1.8928	0.0606944	3801599	315.406	-1
333.661	640.232	1.8928	0.0606944	3801599	224.351	-1
333.661	640.232	1.8928	0.0606944	3801599	80.4266	-1
333.278	347.627	13.2542	0.0577439	10879745	181.833	-1
332.968	760.79	4.00704	0.0650281	7930112	108.935	-1
266.403	486.004	2.05976	0.0661502	9896447	163.865	-1
266.456	641.602	5.84148	0.0689833	1770240	118.635	-1
233.132	689.894	5.04876	0.0543781	7930368	185.089	-1
266.523	635.779	2.18181	0.0490438	14090751	115.686	-1
233.085	742.078	2.58411	0.0623186	9634559	243.746	-1
202.668	728.549	2.00741	0.0752649	8061439	10.4159	-1
575.282	870.011	1.82309	0.0602693	1114623	323.136	-1
164.379	839.704	1.90948	0.0520967	4456959	89.7687	-1
330.567	339.467	5.48083	0.0604259	13828608	187.753	-1
328.77	414.514	2.9477	0.0667879	2425855	268.22	-1
203.123	578.975	6.69587	0.0514317	11600640	320.283	-1
328.77	414.514	2.9477	0.0667879	2425855	0.107971	-1
203.364	510.562	8.45986	0.0645578	11796737	356.518	-1
326.649	424.926	1.90363	0.0727604	4194815	187.059	-1
203.558	750.523	2.32086	0.0671278	1835775	74.675	-1
203.558	750.523	2.32086	0.0671278	1835775	209.931	-1
233.085	742.078	2.58411	0.0623186	9634559	111.949	-1
266.899	632.739	1.87142	0.0497413	2949631	101.395	-1
203.764	755.508	2.34279	0.0737634	2491135	143.071	-1
203.764	755.508	2.34279	0.0737634	2491135	217.397	-1
203.764	755.508	2.34279	0.0737634	2491135	358.51	-1
266.929	497.251	1.80559	0.0624054	393727	160.771	-1
266.929	497.251	1.80559	0.0624054	393727	345.711	-1
203.871	700.458	2.67235	0.0684055	12059391	9.25983	-1
203.989	443.737	2.80437	0.053527	15532799	304.249	-1
577.109	844.911	3.38956	0.0531955	12518399	28.6082	-1
578.106	872.723	1.89505	0.0506326	3867135	286.458	-1
232.411	725.301	4.82281	0.067246	4588032	275.433	-1
584.884	846.349	2.20274	0.0551821	14746111	83.6502	-1
326.02	640.151	2.03462	0.0585602	9044479	227.2	-1
326.02	640.151	2.03462	0.0585602	9044479	54.9401	-1
325.538	335.453	3.02389	0.0708731	4260863	187.476	-1
232.411	725.301	4.82281	0.067246	4588032	174.927	-1
325.538	335.453	3.02389	0.0708731	4260863	97.3729	-1
324.89	335.822	3.73333	0.069051	2818304	186.214	-1
584.884	846.349	2.20274	0.0551821	14746111	265.922	-1
584.894	861.945	1.96261	0.0610291	6423039	66.4404	-1
584.894	861.945	1.96261	0.0610291	6423039	211.258	-1
232.024	639.138	1.93427	0.0549043	5374463	223.412	-1
232.024	639.138	1.93427	0.0549043	5374463	62.8931	-1
267.597	490.122	2.02668	0.0727219	8716799	169.333	-1
324.89	335.822	3.73333	0.069051	2818304	98.5703	-1
324.276	423.208	2.00135	0.0658077	7864831	111.164	-1
324.042	327.055	10.3831	0.0575484	9961985	188.648	-1
324.042	327.055	10.3831	0.0575484	9961985	119.573	-1
585.455	856.991	1.99491	0.0520214	7602687	168.188	-1
585.455	856.991	1.99491	0.0520214	7602687	308.444	-1
231.587	499.435	4.55959	0.0646289	524800	257.478	-1
162.639	819.177	3.38109	0.0682846	12321791	334.286	-1
695.769	158.62	8.31363	0.0691959	10551553	355.146	-1
162.422	942.131	5.59917	0.0498262	15401472	85.3798	-1
695.769	158.62	8.31363	0.0691959	10551553	272.236	-1
162.267	597.18	5.11257	0.0488143	8847872	41.4533	-1
162.208	807.59	2.50347	0.0541364	7340799	24.3717	-1
206.32	689.569	3.72587	0.0668632	2621696	358.931	-1
231.423	515.997	2.12328	0.0608163	12124671	359.261	-1
322.713	337.285	5.86966	0.0669582	2097920	101.794	-1
586.734	227.811	2.56511	0.0493231	9044735	176.391	-1
587.788	863.633	1.9677	0.0628797	6619647	167.979	-1
130.11	628.359	3.19808	0.0533926	8324095	183.093	-1
268.569	423.8	10.3452	0.0637695	9699841	82.8026	-1
315.277	673.114	5.06439	0.0527784	8126976	320.263	-1
314.685	664.051	3.96539	0.0513421	7143680	322.623	-1
314.593	737.079	34.1777	0.060111	12517635	358.75	-1
314.429	344.197	13.8673	0.0695464	14156545	183.223	-1
231.153	703.886	2.30807	0.0512032	1442559	180.483	-1
231.024	522.292	2.31487	0.063302	1639167	1.59988	-1
207.756	503.431	3.53172	0.0643342	15467519	1.01917	-1
207.756	503.431	3.53172	0.0643342	15467519	251.886	-1
312.516	417.431	2.66966	0.0548257	11993855	263.639	-1
312.516	417.431	2.66966	0.0548257	11993855	194.28	-1
130.369	635.415	3.72615	0.0546402	2687232	178.428	-1
130.446	940.011	2.79662	0.0527806	15336191	83.2208	-1
268.958	343.644	12.401	0.0637211	6095617	28.3257	-1
268.963	156.072	3.05808	0.0520564	5047295	276.118	-1
308.559	603.396	1.90334	0.0651673	4194815	64.6664	-1
307.622	269.211	5.5482	0.0651323	14746112	95.9619	-1
589.445	873.012	1.95968	0.0624574	6291967	269.603	-1
130.683	703.017	2.36082	0.0588395	3080959	166.44	-1
208.882	676.372	1.867	0.0488175	2818559	232.214	-1
590.761	352.665	27.1813	0.057515	12714754	101.439	-1
209.271	759.978	1.96954	0.0737014	6685183	187.624	-1
209.319	668.644	2.04297	0.057586	9306623	10.0579	-1
209.319	668.644	2.04297	0.057586	9306623	140.935	-1
209.534	564.2	2.39126	0.0541024	3998463	163.784	-1
161.251	814.366	3.06224	0.0653256	5178367	352.965	-1
306.367	939.247	5.3883	0.049906	12648960	85.8169	-1
306.065	336.314	4.21279	0.0680407	11534592	81.719	-1
230.78	587.59	2.29679	0.0662406	1049343	135.599	-1
230.78	587.59	2.29679	0.0662406	1049343	123.952	-1
160.743	870.401	2.40976	0.0583605	4522751	357.41	-1
160.743	870.401	2.40976	0.0583605	4522751	241.301	-1
269.239	760.255	1.94325	0.0645334	5702143	343.26	-1
210.211	705.9	2.48846	0.0723602	6882047	344.907	-1
303.204	406.966	13.2417	0.0568705	10814209	193.382	-1
303.144	695.958	2.16225	0.0564983	13435391	308.349	-1
230.535	529.589	4.746	0.0631558	3473920	84.4248	-1
229.823	217.303	5.62163	0.0580938	15663616	91.1486	-1
269.993	509.998	2.32988	0.0715112	2097919	344.957	-1
695.319	933.2	14.35	0.0704599	16646913	85.8507	-1
131.186	596.551	3.40414	0.0694548	12846079	177.128	-1
228.627	566.888	2.01132	0.0547264	8192511	80.424	-1
302.366	513.37	3.33388	0.0602055	11338751	289.412	-1
302.366	513.37	3.33388	0.0602055	11338751	123.029	-1
131.217	609.417	3.00218	0.0560762	3736575	182.73	-1
301.346	432.737	3.6446	0.0638557	1048832	261.028	-1
211.641	271.255	36.4465	0.0566519	459267	52.5246	-1
593.336	851.649	2.2112	0.0488436	15073791	77.6671	-1
211.705	752.57	1.88894	0.0747436	3670527	131.18	-1
211.705	752.57	1.88894	0.0747436	3670527	221.041	-1
211.781	758.425	1.9782	0.0627426	7012863	188.586	-1
211.781	758.425	1.9782	0.0627426	7012863	215.792	-1
301.346	432.737	3.6446	0.0638557	1048832	184.796	-1
301.099	432.526	3.29281	0.0639741	10421247	262.648	-1
228.562	640.48	2.1347	0.0556648	12517887	75.5465	-1
211.997	504.691	2.8403	0.0755741	16450303	2.88455	-1
301.099	432.526	3.29281	0.0639741	10421247	183.978	-1
299.169	619.274	12.5651	0.0538729	7013121	69.8179	-1
298.933	934.512	4.70763	0.0503311	2884096	85.6512	-1
695.319	933.2	14.35	0.0704599	16646913	2.75266	-1
298.825	317.192	6.75284	0.0516322	12256000	261.622	-1
212.144	514.061	3.25085	0.0698635	9503743	359.68	-1
595.119	160.408	2.07099	0.0517429	10289663	262.968	-1
595.848	226.462	2.75515	0.0549162	14222079	356.296	-1
212.273	569.264	3.27983	0.0679517	10159103	77.8143	-1
212.273	569.264	3.27983	0.0679517	10159103	153.078	-1
131.869	723.448	2.4458	0.0555173	5636863	168.833	-1
132.064	594.919	4.94323	0.0696378	6357504	176.559	-1
298.825	317.192	6.75284	0.0516322	12256000	194.666	-1
228.286	491.533	2.34979	0.049635	2753279	70.5867	-1
692.791	163.137	14.4228	0.0637404	262402	348.65	-1
270.405	607.068	2.53466	0.0666195	8192767	291.49	-1
596.463	843.13	2.6523	0.0567732	11469567	100.091	-1
228.2	706.093	2.3355	0.0739926	2294527	184.012	-1
297.67	316.037	7.85072	0.0515683	6422785	256.295	-1
297.67	316.037	7.85072	0.0515683	6422785	197.368	-1
212.953	704.349	2.096	0.0711956	11207167	172.005	-1
212.953	704.349	2.096	0.0711956	11207167	353.914	-1
692.791	163.137	14.4228	0.0637404	262402	270.03	-1
598.933	846.188	4.47256	0.0580577	15859968	160.767	-1
599.582	226.448	1.84645	0.0647601	2032127	20.699	-1
213.575	671.26	3.13798	0.0518359	6947839	174.363	-1
213.575	671.26	3.13798	0.0518359	6947839	264.998	-1
213.917	529.089	3.18797	0.0667201	8061951	90.7434	-1
213.917	529.089	3.18797	0.0667201	8061951	267.608	-1
599.582	226.448	1.84645	0.0647601	2032127	187.292	-1
270.843	725.327	1.87797	0.0605021	3211775	2.38614	-1
214.374	717.61	2.69371	0.0719209	12583679	2.82501	-1
214.374	717.61	2.69371	0.0719209	12583679	160.772	-1
600.175	870.484	2.28359	0.0617948	656127	211.513	-1
270.843	725.327	1.87797	0.0605021	3211775	164.869	-1
291.995	416.949	3.08002	0.070275	5571583	359.076	-1
271.08	606.393	4.02306	0.0646844	8192256	306.059	-1
291.995	416.949	3.08002	0.070275	5571583	273.027	-1
608.052	859.12	1.84257	0.068022	1835519	359.795	-1
227.369	236.6	8.00323	0.0595973	7799041	267.924	-1
271.941	742.322	2.70377	0.0619495	12911359	112.796	-1
272.78	640.093	2.10494	0.0563632	11469311	94.6239	-1
156.728	599.007	2.35392	0.0547215	2884351	300.378	-1
156.728	599.007	2.35392	0.0547215	2884351	160.765	-1
214.825	563.077	8.22586	0.0607057	9830657	90.6329	-1
214.825	563.077	8.22586	0.0607057	9830657	127.045	-1
290.825	669.965	10.1155	0.0609415	8061441	268.87	-1
290.825	669.965	10.1155	0.0609415	8061441	121.976	-1
289.938	732.966	3.03153	0.0528497	4457471	179.271	-1
215.378	268.698	35.5144	0.0569264	15335683	56.2082	-1
289.779	156.579	2.22095	0.0638563	15335935	277.095	-1
608.575	864.409	2.66173	0.0558418	11731711	351.581	-1
608.916	870.118	2.14763	0.0556596	12911103	328.46	-1
273.52	562.471	2.28764	0.0670868	787199	250.916	-1
226.97	761.237	2.344	0.0722767	2556671	263.001	-1
135.494	725.345	3.51198	0.0665815	15074303	165.38	-1
273.927	604.151	2.39504	0.0513892	4129535	90.6104	-1
273.927	604.151	2.39504	0.0513892	4129535	149.772	-1
609.769	852.099	4.11412	0.0520497	9830656	359.509	-1
273.927	604.151	2.39504	0.0513892	4129535	195.162	-1
226.527	507.045	2.17029	0.069063	13697535	258.553	-1
612.662	859.048	1.91392	0.063462	4588031	0.612152	-1
612.662	859.048	1.91392	0.063462	4588031	169.17	-1
226.527	507.045	2.17029	0.069063	13697535	187.45	-1
288.613	701.734	11.7636	0.0525793	2228993	214.663	-1
613.012	871.416	4.64338	0.0499824	1835520	278.233	-1
613.09	848.642	2.62489	0.0522242	10748671	105.921	-1
154.339	435.367	44.9638	0.065278	15663619	180.783	-1
288.599	421.893	8.58022	0.0738079	12845313	208.908	-1
613.09	848.642	2.62489	0.0522242	10748671	280.93	-1
216.665	513.818	2.75638	0.0627102	14287615	183.265	-1
614.996	856.707	1.8891	0.0725052	3670527	172.155	-1
216.735	685.206	2.78467	0.0522233	15008511	61.7354	-1
288.599	421.893	8.58022	0.0738079	12845313	28.2959	-1
216.823	695.443	2.95649	0.0595821	2622463	354.424	-1
614.996	856.707	1.8891	0.0725052	3670527	297.398	-1
274.409	761.688	1.98275	0.050764	7143935	219.623	-1
274.409	761.688	1.98275	0.050764	7143935	328.273	-1
217.461	671.535	2.16537	0.050137	13500927	170.001	-1
615.583	224.508	1.97369	0.0680624	6816255	42.3978	-1
217.543	575.921	2.59892	0.0538124	10027775	258.24	-1
668.742	343.79	12.8863	0.051969	8848129	6.48129	-1
615.583	224.508	1.97369	0.0680624	6816255	151.038	-1
615.583	224.508	1.97369	0.0680624	6816255	201.358	-1
285.844	642.335	2.20094	0.0496683	14680575	113.917	-1
616.408	345.31	1.95554	0.0494797	6160895	340.317	-1
285.244	755.799	2.78817	0.0686018	15074047	182.845	-1
225.644	577.351	6.21546	0.0492018	6226688	255.643	-1
136.743	611.525	10.0744	0.0585208	7733761	181.418	-1
225.41	686.651	1.97169	0.0670343	6750719	359.858	-1
617.483	227.434	1.79783	0.0581598	66047	26.0027	-1
225.41	686.651	1.97169	0.0670343	6750719	170.468	-1
617.483	227.434	1.79783	0.0581598	66047	203.645	-1
276.33	646.576	2.30312	0.0631913	1311487	256.429	-1
284.175	655.46	3.06638	0.0704715	5243903	166.047	-1
284.175	655.46	3.06638	0.0704715	5243903	32.8775	-1
284.095	750.062	2.06289	0.0742072	10027519	85.369	-1
618.052	849.2	2.74673	0.0531818	14025471	269.408	-1
218.924	703.345	2.35675	0.0487938	2949887	180.544	-1
225.241	529.033	3.16965	0.0680645	7668735	271.173	-1
219.066	698.682	2.30388	0.0609441	1311487	182.981	-1
219.066	698.682	2.30388	0.0609441	1311487	246.515	-1
219.076	750.527	2.05836	0.057129	9896447	5.80298	-1
619.113	870.553	2.06171	0.0516281	9961983	180.598	-1
225.241	529.033	3.16965	0.0680645	7668735	97.2894	-1
619.621	856.708	2.02886	0.0682615	8847871	241.008	-1
620.092	861.66	1.82685	0.0588912	1245695	78.4775	-1
219.476	755.416	2.42506	0.0495041	4981503	359.757	-1
621.636	873.041	1.93833	0.0623728	5505535	270.901	-1
219.68	761.058	2.45476	0.0632073	5899007	259.086	-1
219.772	528.47	4.67543	0.0678936	2359808	77.8485	-1
219.772	528.47	4.67543	0.0678936	2359808	244.864	-1
219.772	528.47	4.67543	0.0678936	2359808	297.429	-1
658.967	323.376	14.8213	0.0491207	2228482	18.1738	-1
282.912	395.725	3.96576	0.0753382	7143680	270.017	-1
282.912	395.725	3.96576	0.0753382	7143680	90.7964	-1
276.792	337.296	6.10062	0.0660463	4915968	100.483	-1
276.87	436.755	10.8081	0.059742	12845569	81.6385	-1
277.246	643.482	1.92253	0.0515023	4915711	128.853	-1
655.319	711.38	25.2495	0.0492796	7340802	2.42374	-1
635.87	230.911	2.01448	0.0595231	8323583	187.687	-1
278.611	744.38	6.17203	0.0635516	5702400	275.839	-1
634.595	865.433	2.01002	0.0678426	8126975	186.733	-1
224.217	514.345	3.45128	0.0748165	13829119	359.477	-1
220.966	493.584	2.04715	0.0535633	9437695	77.6617	-1
633.901	870.16	2.22339	0.0596897	15467007	194.646	-1
279.303	679.263	4.7974	0.0529527	4194816	276.266	-1
625.898	873.137	1.86709	0.0491268	2818559	270.825	-1
626.676	859.312	3.66297	0.0493232	1442048	272.158	-1
221.383	761.075	1.86062	0.0628064	2556415	249.525	-1
628.953	849.143	2.89887	0.0541962	1180671	80.9844	-1
628.953	849.143	2.89887	0.0541962	1180671	270.211	-1
629.484	863.881	2.43763	0.0520201	5374719	96.8905	-1
221.439	568.287	2.43654	0.0492983	5374719	80.5871	-1
221.5	755.385	1.85122	0.0506833	2163199	179.248	-1
633.535	449.179	64.6845	0.0598424	8585476	2.55063	-1
144.685	717.268	17.4809	0.0747579	14156034	168.696	-1
281.951	691.654	2.66442	0.051194	11797247	346.218	-1
281.951	691.654	2.66442	0.051194	11797247	332.116	-1
281.951	691.654	2.66442	0.051194	11797247	134.785	-1
630.377	869.565	6.68401	0.0584629	11469568	263.045	-1
279.771	556.942	4.83933	0.0662831	4850176	19.1375	-1
281.951	691.654	2.66442	0.051194	11797247	100.289	-1
631.614	844.971	4.27738	0.0607845	12648704	125.925	-1
223.171	598.389	2.50651	0.0559858	7406335	128.2	-1
142.898	569.117	21.5171	0.0612559	12517890	178.337	-1
281.14	549.181	6.77706	0.0518821	12518144	188.719	-1
223.171	598.389	2.50651	0.0559858	7406335	84.5049	-1
280.599	335.063	2.61567	0.0667679	10486527	189.589	-1
632.225	853.801	5.08949	0.0595592	8520192	182.258	-1
280.165	641.327	2.27046	0.0488097	262911	56.1962	-1
631.614	844.971	4.27738	0.0607845	12648704	160.19	-1
280.599	335.063	2.61567	0.0667679	10486527	96.8608	-1
87.9735	171.282	7.77285	0.0487586	5701889	185.877	-1
193.921	499.653	2.38651	0.0477564	3867391	71.8633	-1
552.443	870.546	2.05014	0.0474549	9568767	160.84	-1
258.683	638.405	3.1342	0.0472998	6882303	346.478	-1
630.64	872.943	1.99177	0.0473644	7471615	261.61	-1
525.67	857.185	2.04853	0.0478883	9503231	290.188	-1
525.67	857.185	2.04853	0.0478883	9503231	234.342	-1
117.42	753.951	34.6337	0.0479602	13500675	183.03	-1
560.214	849.22	2.92941	0.0486105	1967103	87.8703	-1
89.5035	204.616	2.77009	0.0472384	14615295	169.51	-1
560.214	849.22	2.92941	0.0486105	1967103	263.817	-1
117.763	353.902	3.47103	0.0476038	14222335	185.761	-1
237.665	559.887	6.90009	0.0476833	13828864	69.7949	-1
563.195	844.36	4.19141	0.0472375	11141376	101.812	-1
118.298	354.43	2.49477	0.0477074	7078655	188.022	-1
192.251	755.342	2.02094	0.0482344	8520191	182.532	-1
407.955	933.136	9.7509	0.0486203	5374465	98.9419	-1
253.807	681.098	5.37105	0.0482124	12386816	306.706	-1
90.0684	212.083	4.11249	0.0473641	9765120	172.09	-1
622.15	863.707	2.1384	0.0487312	12648959	80.3679	-1
191.215	755.343	2.2885	0.0483652	787199	357.152	-1
90.7917	211.614	2.97236	0.0484074	3015679	171.73	-1
107.665	285.663	1.9318	0.0477449	5243391	159.603	-1
169.945	600.762	5.38586	0.0483878	12583424	86.6188	-1
700.004	880.471	3.18223	0.0476765	7930879	354.465	-1
546.227	871.238	4.86148	0.0487486	5177856	271.673	-1
696.592	863.19	4.37186	0.0476349	14221568	350.573	-1
617.758	863.503	2.19842	0.047513	14615039	270.314	-1
666.826	722.408	1.93283	0.0480889	5308927	10.668	-1
218.232	458.785	2.28304	0.0480287	656127	299.048	-1
187.819	688.163	2.45506	0.0482025	5899007	356.79	-1
511.607	242.627	2.65307	0.0477436	11535103	37.6544	-1
509.6	871.41	2.3261	0.0482495	1966847	317.861	-1
127.679	573.173	5.02857	0.047857	7602688	182.728	-1
233.667	861.164	2.12543	0.0478402	12190207	84.7191	-1
93.6235	899.829	2.70748	0.0484537	12976895	207.209	-1
336.65	739.036	4.38372	0.0476631	14418176	3.68689	-1
542.348	201.793	3.91269	0.0477735	6160640	37.1616	-1
576.093	231.866	2.10383	0.0486667	11469311	231.315	-1
267.44	417.511	2.46882	0.0478653	6292223	199.37	-1
267.44	417.511	2.46882	0.0478653	6292223	266.26	-1
585.467	849.185	1.95144	0.0485969	6029823	81.4292	-1
585.995	873.161	1.82491	0.0482495	1180159	269.502	-1
184.237	605.064	3.13359	0.0482379	6816767	256.537	-1
320.584	411.353	12.8828	0.0487057	8848129	193.203	-1
308.995	665.683	4.44998	0.048368	15466752	325.244	-1
308.995	665.683	4.44998	0.048368	15466752	131.882	-1
684.772	265.17	3.56335	0.0478	16122879	13.2347	-1
269.766	541.908	9.47458	0.0472656	3277313	88.8575	-1
229.547	572.686	2.18505	0.0478577	14156287	253.709	-1
215.97	664.631	1.94749	0.048263	5833215	172.184	-1
302.385	321.837	2.58282	0.0479037	9569023	268.172	-1
302.385	321.837	2.58282	0.0479037	9569023	193.853	-1
238.826	488.319	1.95304	0.0480543	6095359	79.862	-1
99.4649	884.515	2.10574	0.0485964	11534847	194.463	-1
608.349	820.314	2.47735	0.0484719	6554367	259.65	-1
97.3239	889.972	3.19576	0.0487203	8258559	197.363	-1
132.053	580.072	4.43078	0.0475011	15204608	183.092	-1
608.349	820.314	2.47735	0.0484719	6554367	95.2245	-1
487.615	568.976	3.32248	0.047999	11076607	212.7	-1
487.615	568.976	3.32248	0.047999	11076607	359.238	-1
601.194	865.4	2.12708	0.0487524	12255743	187.566	-1
298.19	677.22	5.58282	0.0483112	15204864	243.629	-1
270.776	504.552	2.46787	0.0481102	6292223	178.721	-1
558.995	873.023	1.94493	0.0472212	5767679	270.547	-1
255.371	633.621	2.82652	0.0469275	16122623	308.887	-1
387.609	410.669	6.75945	0.047038	12321536	263.335	-1
623.355	840.084	2.25152	0.0472209	16384511	89.99	-1
387.609	410.669	6.75945	0.047038	12321536	192.386	-1
116.775	352.807	5.12412	0.047049	8978944	183.927	-1
309.562	413.64	6.34	0.0471916	7668480	197.119	-1
106.143	860.268	2.10592	0.0470993	11534847	197.025	-1
371.577	535.353	2.67044	0.0470767	11993855	15.7252	-1
591.135	846.749	1.86387	0.047166	2687487	101.256	-1
172.159	608.309	2.28301	0.0471625	656127	225.101	-1
591.135	846.749	1.86387	0.047166	2687487	259.305	-1
667.972	716.492	2.25505	0.0471059	16450047	7.72311	-1
564.708	845.757	4.79193	0.0469497	4129280	141.792	-1
642.81	684.884	52.0203	0.0471252	9503491	358.55	-1
211.942	741.541	2.4013	0.0471802	4326143	269.105	-1
476.47	418.138	2.20789	0.0469416	14942719	252.415	-1
255.371	633.621	2.82652	0.0469275	16122623	342.774	-1
188.011	824.479	2.04807	0.0471642	9503231	226.709	-1
114.423	305.94	1.88066	0.046924	3342847	160.873	-1
590.482	849.547	2.07693	0.0469174	10486271	103.018	-1
240.494	671.603	5.87707	0.0469082	2163456	152	-1
153.448	601.587	2.90557	0.0468923	1377279	292.406	-1
533.039	870.785	2.14613	0.0468846	12911103	216.603	-1
541.731	469.312	4.77658	0.0468812	3932672	86.2892	-1
