458.68	214.235	1.9393	0.0384784	5571071	224.166	-1
372.014	215.943	6.25772	0.0376105	6750976	316.779	-1
230.678	93.7621	6.71139	0.0372616	11797248	276.834	-1
229.417	40.5891	2.0672	0.0382319	10158591	237.261	-1
321.664	66.6605	13.1626	0.0595545	10355457	285.137	-1
229.313	76.3318	3.14864	0.0321682	7209983	98.622	-1
372.181	430.941	19.2262	0.0290141	4325890	113.427	-1
229.04	381.553	2.45578	0.0296016	5899007	66.675	-1
373.246	368.129	63.1351	0.033016	6816004	102.911	-1
321.275	650.232	4.79087	0.0297053	4129280	98.9468	-1
231.59	503.595	2.32239	0.0351246	1901311	0.663879	-1
320.347	171.461	2.12067	0.0336582	11993599	208.418	-1
320.268	519.08	3.05208	0.0297182	4916223	109.698	-1
231.59	503.595	2.32239	0.0351246	1901311	143.66	-1
374.054	57.9029	2.37266	0.036908	3408639	112.984	-1
225.545	90.9053	1.9085	0.0428779	4391423	125.081	-1
319.719	502.904	6.20241	0.0393887	6095616	316.639	-1
319.376	210.425	8.3184	0.0437535	10617089	244.867	-1
225.545	90.9053	1.9085	0.0428779	4391423	5.1181	-1
374.628	53.8839	3.7997	0.0289756	4063488	110.413	-1
322.118	125.377	4.226	0.0337862	11731200	277.904	-1
318.319	201.762	3.37401	0.0575264	12190719	159.89	-1
323.29	166.432	2.01126	0.0349574	8192511	218.524	-1
318.142	45.1623	5.06282	0.0492841	8126976	96.3234	-1
324.174	653.554	1.90616	0.0315906	4325887	68.4079	-1
324.68	200.935	2.67267	0.0307006	12059391	56.6032	-1
316.894	153.374	2.0156	0.034174	8323583	53.849	-1
316.847	407.86	1.96216	0.0307212	6423039	240.856	-1
316.847	407.86	1.96216	0.0307212	6423039	52.4255	-1
315.657	389.461	2.6917	0.0304808	12583679	112.773	-1
375.722	212.195	10.5919	0.036283	11403777	159.113	-1
315.524	138.664	23.2687	0.0527301	1442562	269.05	-1
315.269	505.486	2.51438	0.0310641	7602943	316.88	-1
315.177	652.28	1.80204	0.0289064	262655	84.1862	-1
315.053	500.961	2.3152	0.0442919	1639167	315.141	-1
375.722	212.195	10.5919	0.036283	11403777	252.23	-1
231.59	503.595	2.32239	0.0351246	1901311	266.24	-1
314.198	409.921	1.89607	0.0288412	3932671	231.475	-1
375.722	212.195	10.5919	0.036283	11403777	300.844	-1
221.393	39.4837	1.8338	0.0468279	1507839	238.624	-1
325.63	650.326	2.02226	0.0306871	8585727	282.118	-1
313.365	160.108	2.72716	0.0357193	13501183	48.1596	-1
376.675	154.644	2.65686	0.0417409	11600639	23.8774	-1
312.819	492.731	2.44451	0.0307958	5571327	319.03	-1
311.977	157.372	2.17571	0.0365009	13894143	49.0305	-1
311.382	510.642	11.3263	0.0368499	16253441	329.447	-1
311.382	510.642	11.3263	0.0368499	16253441	92.4128	-1
311.163	518.601	2.62863	0.0324749	10814207	95.1166	-1
232.42	383.461	2.71483	0.0303101	13173503	67.44	-1
310.165	248.412	87.8741	0.0386451	14025220	314.479	-1
377.856	64.5762	6.54545	0.0600091	9962240	277.518	-1
309.01	492.643	1.85632	0.0284172	2359807	22.1614	-1
308.706	160.107	2.76186	0.0321909	14418687	45.6169	-1
379.407	558.735	16.0621	0.0280157	8061186	306.148	-1
220.047	472.818	1.89629	0.0455201	3932671	326.419	-1
220.047	472.818	1.89629	0.0455201	3932671	276.981	-1
327.092	180.578	14.8268	0.0691207	2294018	42.4352	-1
646.02	287.091	2.17849	0.030344	13959679	272.095	-1
220.047	472.818	1.89629	0.0455201	3932671	90.7045	-1
646.02	287.091	2.17849	0.030344	13959679	239.912	-1
308.028	650.716	2.2462	0.0334564	16187903	272.32	-1
220.047	472.818	1.89629	0.0455201	3932671	0.798828	-1
308.012	123.863	2.41428	0.0284637	4719359	273.731	-1
307.407	167.178	2.56746	0.0291101	9110271	38.1075	-1
307.08	415.9	1.93221	0.050541	5308927	227.275	-1
307.08	415.9	1.93221	0.050541	5308927	42.521	-1
306.864	383.696	2.27003	0.0342629	262911	124.742	-1
379.442	53.5256	7.48179	0.0341126	2949377	107.177	-1
380.482	423.202	1.97572	0.0311348	6881791	122.185	-1
306.645	55.6047	2.92046	0.0405255	1770495	280.174	-1
306.389	218.565	2.08766	0.0312026	10879487	293.478	-1
380.98	203.427	2.223	0.0336002	15401471	173.084	-1
381.692	55.9359	2.61465	0.0318921	10486527	82.9493	-1
381.958	632.497	2.15084	0.0351855	13042175	6.1232	-1
382.007	646.495	2.00336	0.0427138	7930367	22.8809	-1
15.4439	520.509	1.86665	0.0312868	2818559	208.814	-1
15.4439	520.509	1.86665	0.0312868	2818559	338.673	-1
15.9062	201.851	2.23582	0.0345962	15860223	55.3732	-1
15.9062	201.851	2.23582	0.0345962	15860223	220.672	-1
382.007	646.495	2.00336	0.0427138	7930367	249.86	-1
216.06	462.856	2.18363	0.0280043	14156287	247.506	-1
304.804	118.455	6.38858	0.0303138	8258304	267.255	-1
327.092	180.578	14.8268	0.0691207	2294018	186.299	-1
382.566	625.25	6.04752	0.0332341	4260608	99.4321	-1
371.095	174.632	2.08232	0.0308265	10682879	15.5466	-1
382.666	161.595	12.4714	0.0571799	6488833	21.3441	-1
637.657	654.657	1.91026	0.0331864	4456959	191.651	-1
637.657	654.657	1.91026	0.0331864	4456959	68.2917	-1
304.169	154.398	13.0602	0.052642	9831169	183.498	-1
304.101	37.4755	2.21221	0.0308532	15073791	284.557	-1
304.054	463.977	2.07449	0.0342511	10420735	282.608	-1
304.027	419.274	2.35325	0.0476827	2818815	221.415	-1
304.027	419.274	2.35325	0.0476827	2818815	38.3063	-1
303.957	172.222	2.20984	0.0330984	15008255	30.1323	-1
303.914	532.099	18.9648	0.0654963	3342850	263.652	-1
303.902	515.143	2.6973	0.0350914	12714751	89.8034	-1
303.865	468.68	8.35822	0.0394881	10944769	291.456	-1
302.917	138.059	4.04596	0.0408358	8585472	199.273	-1
327.221	647.712	1.85781	0.0645532	2425343	269.285	-1
302.468	455.613	9.61232	0.0299246	4325889	293.56	-1
214.697	468.055	2.04125	0.0289705	9241087	342.6	-1
214.008	65.8507	2.24078	0.0310375	15991295	274.329	-1
327.242	219.48	10.5777	0.0644729	11272705	91.8539	-1
382.666	161.595	12.4714	0.0571799	6488833	198.611	-1
234.193	188.427	7.28671	0.0392319	1048833	177.695	-1
382.721	62.1187	2.20156	0.0411154	14746111	127.794	-1
383.034	67.9167	1.97697	0.0492505	6947327	276.669	-1
301.459	423.169	2.081	0.0408606	10682879	215.784	-1
301.459	423.169	2.081	0.0408606	10682879	31.2989	-1
383.184	59.0208	2.17079	0.0348422	13697535	80.6884	-1
301.289	495.703	2.07836	0.033848	10551807	207.779	-1
301.289	495.703	2.07836	0.033848	10551807	17.0401	-1
211.339	74.1107	3.21119	0.0360778	8586239	101.692	-1
300.345	218.082	7.82035	0.0451665	6160641	99.0814	-1
234.858	96.1412	3.58517	0.0355339	16581631	277.902	-1
210.198	66.0729	1.96298	0.0282899	6423039	272.385	-1
299.656	476.301	2.10209	0.0311716	11403775	51.9245	-1
611.319	200.169	2.1961	0.0328904	14549503	341.715	-1
299.645	515.964	1.82333	0.0377356	1114623	80.2319	-1
299.544	132.141	3.41064	0.0483299	12977151	197.659	-1
299.539	182.675	2.02009	0.0307801	8520191	20.2666	-1
383.185	427.058	5.00417	0.0288374	7275008	132.406	-1
384.934	204.794	3.35076	0.0675387	11666431	64.8748	-1
207.454	73.5387	3.5468	0.0367077	15795199	101.959	-1
384.934	204.794	3.35076	0.0675387	11666431	167.896	-1
298.488	128.361	2.16208	0.0288158	13435391	90.6205	-1
235.542	187.141	4.72156	0.0411134	3080704	178.871	-1
328.572	510.828	4.26029	0.0293391	12321024	306.973	-1
297.858	179.563	1.9491	0.0288037	5898751	20.4411	-1
329.314	519.963	7.58607	0.0388111	3932417	101.859	-1
386.895	226.359	2.20445	0.0296399	14811647	54.5639	-1
386.921	344.456	2.22671	0.0296817	15532543	179.486	-1
199.474	72.1434	3.30076	0.0347408	10617855	100.288	-1
297.167	432.495	2.20985	0.03653	15008255	20.0607	-1
237.55	77.0157	2.96459	0.0396137	2819071	100.953	-1
329.314	519.963	7.58607	0.0388111	3932417	320.742	-1
594.765	94.3974	8.97279	0.0300257	16056577	6.53137	-1
197.359	67.1081	4.23088	0.0300255	11862272	99.9163	-1
296.714	472.874	1.86134	0.0373506	2556415	160.936	-1
592.486	643.601	17.8065	0.0284547	15532290	356.556	-1
388.182	207.724	2.09468	0.0303903	11141631	63.7976	-1
196.173	62.2466	1.90941	0.0719171	4456959	87.2521	-1
590.838	89.6268	2.23435	0.0318353	15794687	6.11972	-1
590.166	94.4486	1.97493	0.0329428	6881791	8.42087	-1
296.184	380.488	2.01669	0.0296779	8389119	98.4675	-1
296.183	461.35	2.75242	0.0374867	14156543	301.273	-1
388.741	427.126	2.13484	0.030643	12517887	145.804	-1
295.625	650.948	1.83361	0.0344934	1507839	89.2569	-1
589.527	100.466	2.23579	0.0367908	15860223	7.4603	-1
194.627	80.7283	23.1553	0.0618868	1114882	93.713	-1
194.518	36.2685	2.06417	0.03345	10093055	233.527	-1
295.578	540.886	3.24695	0.0335676	9438207	310.863	-1
389.568	194.397	11.7439	0.0679021	2097921	18.682	-1
588.211	74.5881	2.3682	0.030928	3277567	273.116	-1
588.157	91.7304	2.08092	0.042149	10682879	5.84882	-1
295.577	520.848	2.62766	0.0406975	10814207	39.4471	-1
295.324	438.355	2.13779	0.0349699	12583423	12.1149	-1
587.16	97.9987	2.44227	0.0356346	5505791	6.89484	-1
295.17	377.888	1.99773	0.0323479	7733759	99.8286	-1
389.568	194.397	11.7439	0.0679021	2097921	190.928	-1
329.832	60.1216	2.96851	0.0610655	2950143	287.003	-1
585.812	105.425	3.46013	0.0407703	14025727	81.631	-1
239.753	454.228	1.81823	0.0309498	918015	115.457	-1
583.919	588.503	14.8022	0.0422326	2162946	0.962524	-1
582.531	667.532	2.49191	0.028432	6947583	359.226	-1
582.44	110.326	4.00524	0.039755	7864576	74.7663	-1
582.44	110.326	4.00524	0.039755	7864576	13.2523	-1
186.618	70.9095	3.29811	0.0514228	10552319	75.4379	-1
582.352	660.161	2.06554	0.0294887	10093055	4.08966	-1
329.832	60.1216	2.96851	0.0610655	2950143	332.767	-1
239.753	454.228	1.81823	0.0309498	918015	241.952	-1
185.364	74.8981	2.64672	0.0535906	11338495	203.915	-1
581.875	640.748	2.36706	0.0295272	3277567	10.6879	-1
184.279	94.1574	3.80312	0.0311796	4129024	285.252	-1
329.86	524.048	2.54434	0.0285956	8454911	63.3333	-1
581.393	108.898	2.16671	0.0409057	13566463	92.7647	-1
581.393	108.898	2.16671	0.0409057	13566463	8.86981	-1
183.741	93.7843	3.50914	0.0310768	15008767	285.557	-1
581.123	634.061	2.21908	0.028779	15270399	349.81	-1
294.927	394.623	2.22024	0.0307571	15335935	245.024	-1
183.555	79.5111	2.44556	0.0449296	5636863	197.583	-1
330.557	50.7738	2.52491	0.0305381	7930623	100.275	-1
330.864	640.362	9.71401	0.0334146	5112321	69.1607	-1
579.969	670.394	2.23259	0.0449078	15729151	100.336	-1
579.593	656.531	2.59901	0.0410722	10027775	357.609	-1
330.956	211.627	2.78809	0.0472006	15074047	328.594	-1
294.409	178.197	7.15587	0.0664295	16450304	193.328	-1
294.409	178.197	7.15587	0.0664295	16450304	20.6297	-1
579.28	649.983	2.66921	0.0391285	11928319	354.77	-1
183.419	89.25	3.43761	0.0468872	13566975	290.105	-1
579.161	643.797	2.54863	0.029076	8585983	352.387	-1
28.9769	389.709	2.69027	0.0282067	12518143	242.521	-1
390.834	632.244	15.4197	0.0300271	5112066	100.655	-1
578.983	638.345	2.14292	0.0330788	12780031	10.2944	-1
578.783	663.369	3.43057	0.0389387	13370367	16.4842	-1
182.8	34.9375	2.28637	0.0328199	721663	279.476	-1
578.293	93.2774	20.756	0.0345595	9896450	10.7484	-1
292.695	518.603	3.24988	0.0384196	9503743	38.6689	-1
292.527	514.116	1.83104	0.0316529	1376767	259.824	-1
577.994	653.215	1.97634	0.0303292	6947327	273.338	-1
182.448	84.6214	2.61776	0.0459993	10552063	188.955	-1
577.994	653.215	1.97634	0.0303292	6947327	92.7427	-1
577.786	571.742	2.2007	0.0359641	14680575	5.12985	-1
181.071	304.994	99.4741	0.0380225	6292228	180.054	-1
577.686	603.398	2.00312	0.029128	7864831	354.488	-1
292.527	514.116	1.83104	0.0316529	1376767	99.1812	-1
391.248	202.102	2.3943	0.0336625	4063999	41.8486	-1
333.112	637.021	2.59596	0.0617057	9962239	86.8675	-1
577.382	627.354	1.92643	0.0297073	5046783	350.055	-1
577.337	586.994	2.0746	0.0350294	10420735	359.806	-1
333.112	637.021	2.59596	0.0617057	9962239	255.27	-1
180.844	32.4293	1.94628	0.0311438	5833215	272.728	-1
576.899	369.942	6.76601	0.03178	12387072	358.68	-1
576.643	667.091	2.26233	0.0285635	16712191	93.6894	-1
576.632	631.864	4.11569	0.0403177	9830656	351.33	-1
576.479	622.501	2.47118	0.0366423	6357759	351.527	-1
178.971	90.9813	2.24746	0.0305434	16253439	307.347	-1
576.235	152.535	1.82854	0.034846	1311231	14.4612	-1
178.72	76.0338	5.97384	0.0602711	3343104	64.7735	-1
178.72	76.0338	5.97384	0.0602711	3343104	9.70059	-1
392.431	637.383	1.92216	0.038654	4915711	306.811	-1
575.304	573.225	2.00651	0.0361796	7995903	7.25009	-1
177.426	8.14121	3.01578	0.0288165	4064255	293.916	-1
333.553	639.996	1.98718	0.0478484	7340543	256.222	-1
175.926	548.568	2.01843	0.0575143	8454655	182.389	-1
573.567	629.529	8.10063	0.0388104	8716545	353.425	-1
573.501	659.812	14.0904	0.0360587	15336193	352.941	-1
572.875	659.305	14.6164	0.0357463	1245442	357.118	-1
572.853	669.464	2.18011	0.0398826	14025215	101.463	-1
333.564	210.641	1.8309	0.0329144	1376767	330.27	-1
172.771	556.022	2.28827	0.0582844	787199	215.793	-1
291.306	654.061	1.80097	0.030543	197119	46.9863	-1
291.238	536.399	2.38503	0.035646	3801855	333.064	-1
333.822	62.277	2.62114	0.0858648	10617599	201.329	-1
290.944	520.589	3.83731	0.0385377	4784384	38.8922	-1
333.822	62.277	2.62114	0.0858648	10617599	341.773	-1
290.267	539.894	2.36177	0.0294133	3080959	322.162	-1
392.554	66.2757	1.95328	0.0427498	6095359	223.862	-1
393.354	629.774	4.0103	0.0473812	7995648	141.539	-1
393.354	629.774	4.0103	0.0473812	7995648	351.89	-1
290.093	528.661	2.00249	0.0481927	7864831	5.65265	-1
571.497	70.8148	2.35192	0.0290147	2818815	289.18	-1
333.861	55.3606	8.77219	0.0672632	14418177	283.991	-1
393.493	646.087	2.85816	0.038016	197631	261.572	-1
570.144	671.506	1.98462	0.0369052	7209471	98.8876	-1
570.144	671.506	1.98462	0.0369052	7209471	80.7669	-1
394.387	161.601	3.63754	0.0409379	917760	200.313	-1
170.352	62.1808	2.75032	0.0556413	14091007	84.6018	-1
335.393	649.557	2.0905	0.0427024	11010559	259.627	-1
394.413	68.4435	2.07227	0.0299035	10355199	222.884	-1
395.093	195.943	2.17469	0.0347194	13828607	28.418	-1
336.014	186.869	2.53258	0.0336555	8127231	20.0286	-1
567.211	669.269	2.47638	0.0440829	6554367	93.5801	-1
240.905	451.576	1.8403	0.0325938	1769983	231.285	-1
241.927	167.241	1.92374	0.0385548	4981247	192.16	-1
563.866	671.12	1.88501	0.031166	3473919	98.0075	-1
562.651	665.486	2.18885	0.0324729	14287359	94.2992	-1
336.136	175.822	2.48489	0.033506	6750975	13.8176	-1
242.512	651.572	2.04159	0.0839783	9241087	0.816803	-1
338.16	61.5478	3.22476	0.0697915	8913919	275.628	-1
561.886	668.437	2.34689	0.0400776	2622207	95.4666	-1
557.868	670.928	2.11865	0.0326313	11928063	94.4897	-1
166.093	535.113	2.1322	0.064534	12386815	89.4155	-1
555.558	667.901	2.4402	0.0395932	5440255	94.9656	-1
555.13	664.689	2.12847	0.0298619	12255743	98.9991	-1
552.028	670.057	2.2136	0.0313536	15139327	106.396	-1
552.028	670.057	2.2136	0.0313536	15139327	68.4861	-1
548.923	626.065	44.6455	0.0425404	15139331	3.44525	-1
165.273	62.1035	1.97848	0.065705	7012863	89.5973	-1
548.409	667.571	2.92071	0.0338719	1770495	92.3438	-1
165.037	59.5224	1.98944	0.0315899	7406079	88.8068	-1
546.447	590.522	2.04968	0.0395065	9568767	181.157	-1
338.757	61.9485	3.83287	0.0679281	4718848	276.222	-1
164.286	548.666	18.9433	0.0585429	3277314	348.987	-1
164.286	548.666	18.9433	0.0585429	3277314	281.613	-1
545.269	109.201	2.27082	0.0570006	262911	71.908	-1
544.457	602.426	2.17269	0.034807	13763071	197.576	-1
544.243	647.245	2.46567	0.0283172	6226687	277.447	-1
544.243	647.245	2.46567	0.0283172	6226687	96.3401	-1
543.398	666.959	2.52342	0.0372632	7865087	101.343	-1
542.901	588.335	3.29078	0.064255	10355711	172.736	-1
542.474	653.447	2.54615	0.0312668	8520447	273.104	-1
542.474	653.447	2.54615	0.0312668	8520447	93.6926	-1
163.916	660.372	15.0227	0.030425	3211522	101.643	-1
540.229	604.572	2.76528	0.0600051	14484223	254.742	-1
540.076	590.453	1.92131	0.0537564	4850175	284.105	-1
540.076	590.453	1.92131	0.0537564	4850175	92.0383	-1
539.399	597.626	2.66805	0.0506009	11928319	279.53	-1
287.301	530.327	2.32047	0.0326303	1835775	358.988	-1
538.583	113.167	2.47121	0.0302765	6357759	68.9998	-1
538.349	603.966	4.79758	0.061324	4194816	273.85	-1
163.393	658.261	13.3683	0.0305586	11469569	102.515	-1
395.974	643.231	1.84053	0.0314366	1769983	108.263	-1
537.819	593.319	2.59197	0.042851	9831167	281.615	-1
536.837	666.339	2.59872	0.0342309	10027775	88.9517	-1
534.652	594.731	15.897	0.0531415	7340290	258.937	-1
534.391	595.973	2.22824	0.0461363	15598079	283.708	-1
533.055	592.498	2.62153	0.047206	10617599	285.639	-1
47.1356	521.145	1.9619	0.0368346	6423039	300.961	-1
396.517	60.3467	3.43841	0.0438228	13566975	236.722	-1
161.689	30.6697	1.83714	0.0428565	1638911	299.98	-1
532.042	595.607	1.98028	0.0435205	7078399	286.087	-1
532.042	595.607	1.98028	0.0435205	7078399	99.6308	-1
530.731	589.091	1.96529	0.0565713	6488575	282.269	-1
530.731	589.091	1.96529	0.0565713	6488575	102.815	-1
528.826	581.559	1.97866	0.0401959	7012863	97.8393	-1
527.496	603.975	1.93059	0.0529324	5243391	278.254	-1
158.954	536.199	1.91861	0.0513686	4784639	62.5916	-1
396.558	64.4677	1.83937	0.0419761	1704447	240.099	-1
527.006	606.459	1.95073	0.0417084	5964287	279.392	-1
524.915	648.871	2.53807	0.0303531	8323839	274.729	-1
524.915	648.871	2.53807	0.0303531	8323839	93.8239	-1
524.91	584.972	2.90606	0.0592266	1377279	42.3487	-1
523.452	572.246	16.3042	0.0302867	9175298	109.476	-1
339.522	203.402	15.5348	0.0438516	5636354	48.7414	-1
522.639	602.087	2.5476	0.0641634	8585983	349.468	-1
158.248	48.3223	38.165	0.0430628	3801603	265.633	-1
158.248	48.3223	38.165	0.0430628	3801603	180.15	-1
522.639	602.087	2.5476	0.0641634	8585983	303.872	-1
522.145	596.512	2.21829	0.0564619	15270399	6.65146	-1
522.138	90.2206	2.0324	0.0407384	8978943	265.305	-1
339.522	203.402	15.5348	0.0438516	5636354	148.926	-1
521.073	76.1262	2.19211	0.0341582	14418431	71.5867	-1
286.371	413.176	59.1166	0.0472732	2031876	306.775	-1
285.982	652.578	1.90677	0.0963824	4325887	75.6743	-1
517.516	588.649	2.1125	0.0382353	11731455	187.549	-1
516.424	583.543	3.09107	0.0576767	5833727	134.109	-1
515.641	595.336	3.11788	0.0516655	6489087	193.184	-1
514.385	72.3347	1.85953	0.0367806	2490879	250.664	-1
514.263	352.744	114.009	0.0311689	16122628	359.387	-1
285.982	652.578	1.90677	0.0963824	4325887	47.5324	-1
514.004	604.594	2.05108	0.0307985	9634303	242.943	-1
513.955	499.023	2.6416	0.0366649	11207423	264.916	-1
340.395	154.228	2.05106	0.0342421	9634303	128.314	-1
52.5358	326.095	2.02307	0.0416161	8585727	152.786	-1
52.5358	326.095	2.02307	0.0416161	8585727	356.481	-1
242.512	651.572	2.04159	0.0839783	9241087	180.707	-1
396.77	649.027	1.95296	0.0360146	6095359	271.95	-1
513.955	499.023	2.6416	0.0366649	11207423	151.101	-1
285.514	191.193	2.68543	0.0360817	12387071	191.437	-1
512.719	601.167	3.82605	0.0619931	4587776	238.833	-1
512.446	65.7044	2.37324	0.050873	3474175	187.403	-1
242.62	80.4282	3.15893	0.0286091	7406591	52.092	-1
156.034	68.6204	1.83209	0.0418263	1442303	215.339	-1
511.6	594.289	2.77078	0.0504501	14680831	133.9	-1
511.6	594.289	2.77078	0.0504501	14680831	4.98706	-1
510.748	497.855	5.31223	0.0424613	11600384	277.021	-1
156.034	68.6204	1.83209	0.0418263	1442303	133.313	-1
510.748	497.855	5.31223	0.0424613	11600384	102.69	-1
54.0401	85.1883	2.34798	0.0312122	2687743	160.083	-1
510.502	581.773	2.02785	0.0591791	8782335	95.4496	-1
510.454	590.914	2.00278	0.044536	7864831	267.105	-1
510.305	661.899	2.02059	0.030522	8520191	109.799	-1
154.596	71.4812	2.52144	0.0498764	7799551	297.74	-1
509.253	79.6207	3.04246	0.0597597	4719615	86.8932	-1
153.961	66.3946	2.21472	0.0436742	15139327	213.807	-1
152.972	68.4564	6.29441	0.0372192	7144192	309.327	-1
285.409	124.243	2.0278	0.0324538	8782335	261.321	-1
396.837	477.305	99.5528	0.0506426	6292228	307.385	-1
285.243	400.364	2.14241	0.0323409	12780031	232.241	-1
285.243	400.364	2.14241	0.0323409	12780031	52.954	-1
285.187	378.291	2.23574	0.0412042	15860223	99.7715	-1
366.601	213.125	2.11022	0.0402385	11665919	335.592	-1
506.12	71.7223	2.12516	0.0518375	12190207	269.685	-1
285.069	453.835	2.29455	0.0419451	983807	290.727	-1
284.61	462.348	1.935	0.0443662	5374463	222.59	-1
396.871	192.56	1.95729	0.0349955	6226431	20.1227	-1
504.672	581.748	1.87019	0.0539852	2949631	87.8675	-1
504.489	68.9718	2.03126	0.029601	8913407	39.1532	-1
243.489	242.791	2.55505	0.0401857	8782591	161.522	-1
397.235	632.828	1.86267	0.0666744	2621951	127.631	-1
284.61	462.348	1.935	0.0443662	5374463	57.3609	-1
397.769	626.96	2.39179	0.0588904	3998463	107.874	-1
59.2175	598.41	55.4304	0.0298895	14091011	173.332	-1
284.289	154.567	16.1982	0.0585732	8651010	12.7325	-1
244.73	247.034	2.5641	0.0401822	9044735	160.296	-1
283.711	222.523	2.09183	0.0283759	11010559	91.9585	-1
398.52	630.128	2.0667	0.0525744	10158591	102.159	-1
245.396	148.241	2.10163	0.0343983	11338239	202.939	-1
499.973	583.173	2.40276	0.0481556	4326143	49.7671	-1
283.561	486.507	41.4994	0.0339357	9896451	293.7	-1
398.62	78.766	18.5222	0.0498802	1638914	102.42	-1
283.337	218.066	4.38673	0.0548135	14483712	187.204	-1
498.96	159.901	6.85218	0.0321717	13304576	183.022	-1
498.96	159.901	6.85218	0.0321717	13304576	140.893	-1
498.938	601.896	3.47461	0.058746	14287871	270.11	-1
341.736	402.974	2.16792	0.0295862	13631999	122.984	-1
497.939	587.763	1.83054	0.0444539	1376767	6.5314	-1
146.163	19.8847	13.4738	0.0343717	12059393	270.373	-1
341.887	240.312	3.42818	0.028884	13370367	230.077	-1
245.787	522.749	1.98842	0.0309679	7340543	135.46	-1
143.024	39.5701	18.7258	0.0440591	2425346	267.142	-1
496.463	643.16	2.0406	0.0292434	9241087	276.287	-1
141.885	25.5075	5.16109	0.0323636	9503232	275.212	-1
496.347	426.985	13.8882	0.0420596	14287617	93.6017	-1
282.718	480.11	1.90364	0.0356073	4194815	298.839	-1
341.926	239.79	3.82079	0.0289261	4456704	228.996	-1
245.787	522.749	1.98842	0.0309679	7340543	267.525	-1
494.466	595.757	2.23543	0.0710335	15860223	189.934	-1
494.466	595.757	2.23543	0.0710335	15860223	6.86804	-1
281.961	460.023	2.00632	0.0397021	7995903	235.7	-1
281.927	402.999	1.92819	0.0335981	5112319	222.694	-1
281.927	402.999	1.92819	0.0335981	5112319	47.6136	-1
399.519	646.61	2.39125	0.0350608	3998463	273.336	-1
342.675	147.909	8.03168	0.0300952	8061185	96.9493	-1
399.622	435.002	7.0908	0.0390548	15794944	11.2004	-1
246.133	82.3979	2.33864	0.0340465	2360063	53.1077	-1
140.218	167.503	2.54829	0.0481207	8585983	310.846	-1
139.444	75.099	12.5519	0.0370058	6947585	174.375	-1
139.419	93.0995	1.88724	0.0299001	3604991	282.791	-1
491.116	584.062	3.77046	0.0510872	3539200	127.533	-1
491.116	584.062	3.77046	0.0510872	3539200	98.4389	-1
281.237	276.015	5.2269	0.0300618	10420736	107.181	-1
490.585	601.572	1.94837	0.0549252	5898751	226.433	-1
490.585	601.572	1.94837	0.0549252	5898751	199.425	-1
489.981	225.226	2.17538	0.033212	13894143	28.4705	-1
139.419	93.0995	1.88724	0.0299001	3604991	108.542	-1
342.928	343.69	2.03693	0.0290385	9110015	357.469	-1
342.941	153.024	1.98419	0.048348	7209471	130.123	-1
139.419	93.0995	1.88724	0.0299001	3604991	8.92419	-1
138.863	642.127	1.88526	0.0376032	3539455	162.735	-1
64.9334	484.654	1.82407	0.0326582	1114623	17.0169	-1
488.441	103.353	27.8731	0.0408669	14484226	121.931	-1
488.423	602.34	3.46091	0.0542902	14025727	256.658	-1
487.858	605.756	1.84332	0.0312732	1901055	258.788	-1
487.528	586.784	1.94413	0.0575517	5767679	88.1853	-1
138.863	642.127	1.88526	0.0376032	3539455	107.816	-1
138.863	642.127	1.88526	0.0376032	3539455	49.6754	-1
399.622	435.002	7.0908	0.0390548	15794944	134.281	-1
365.338	195.8	2.15163	0.032848	13042175	28.9066	-1
137.249	60.9725	1.89854	0.0526782	3998207	293.033	-1
487.033	155.34	9.68527	0.0465799	4915713	340.106	-1
400.797	58.9121	2.01342	0.0355676	8258047	245.962	-1
486.873	221.629	4.98758	0.0432408	7012864	16.2814	-1
486.614	658.469	1.81796	0.0287713	852479	119.425	-1
486.614	658.469	1.81796	0.0287713	852479	91.4679	-1
136.848	29.7639	2.51195	0.030853	7537407	277.148	-1
401.456	624.962	2.08438	0.0403412	10748415	99.8521	-1
136.049	88.6353	2.05161	0.0684412	9634303	313.382	-1
484.503	595.102	2.53104	0.0518456	8127231	8.91547	-1
484.493	593.326	20.4817	0.0537557	8913410	269.698	-1
279.964	374.804	1.96457	0.0330935	6488575	99.6486	-1
279.887	130.858	2.55005	0.0482839	8651519	86.3257	-1
484.385	596.088	1.90756	0.0522326	4391423	15.0865	-1
484.297	159.14	3.22258	0.038397	8848383	339.628	-1
279.887	130.858	2.55005	0.0482839	8651519	5.65518	-1
482.816	435.81	2.36879	0.0308287	3343103	281.636	-1
482.679	228.837	2.04147	0.0321161	9241087	45.3854	-1
136.049	88.6353	2.05161	0.0684412	9634303	117.519	-1
401.456	624.962	2.08438	0.0403412	10748415	286.631	-1
482.473	580.219	1.94286	0.036758	5702143	89.7646	-1
134.632	84.6738	2.09118	0.0290755	11010559	179.166	-1
481.587	587.131	1.83464	0.0459759	1573375	258.834	-1
481.108	151.759	2.39821	0.0372329	4195071	339.932	-1
246.21	92.0206	1.97822	0.0376982	7012863	80.4722	-1
246.746	513.198	2.65469	0.0309501	11535103	299.57	-1
279.515	405.955	2.15356	0.0296564	13107711	44.2851	-1
402.74	627.857	1.86701	0.0590283	2818559	91.0986	-1
279.404	378.994	4.99335	0.0378932	7143936	100.236	-1
279.381	142.892	4.51556	0.0365342	16580864	14.8513	-1
479.615	507.634	2.72496	0.0280495	13435647	251.597	-1
364.956	622.99	2.03464	0.0430802	9044479	298.232	-1
344.772	594.514	60.6815	0.0431355	3932420	298.039	-1
277.486	443.151	10.7342	0.0375096	12321281	287.505	-1
479.106	422.065	1.87864	0.0287851	3277311	96.7799	-1
403.484	436.617	2.24034	0.0347584	15991295	62.4758	-1
132.883	166.154	3.88533	0.0296365	5701888	177.096	-1
478.563	240.906	3.37352	0.0291628	12190719	56.6794	-1
277.123	376.882	1.85488	0.0301808	2359807	97.9714	-1
478.389	152.612	2.08035	0.0393637	10617343	339.265	-1
478.354	485.844	4.30157	0.0312982	13041920	111.695	-1
403.484	436.617	2.24034	0.0347584	15991295	354.945	-1
345.741	153.622	1.97916	0.0384187	7012863	33.2472	-1
477.922	480.869	12.2812	0.034046	5374721	118.014	-1
404.409	646.6	2.07249	0.0339402	10355199	273.79	-1
477.905	486.28	3.39385	0.0313666	12583935	112.844	-1
477.866	436.131	4.37913	0.041987	14352640	276.12	-1
477.866	436.131	4.37913	0.041987	14352640	221.89	-1
276.839	135.86	2.45137	0.0326779	5767935	12.8461	-1
477.495	164.913	9.72056	0.0502797	5177857	340.501	-1
345.741	153.622	1.97916	0.0384187	7012863	82.5612	-1
276.52	481.295	2.22412	0.0344064	15467007	271.725	-1
476.781	497.628	14.0901	0.0454241	15270657	251.205	-1
476.347	148.273	2.50104	0.0392776	7275263	335.214	-1
475.608	629.264	2.7155	0.0323963	13173503	99.1867	-1
475.601	238.523	2.43932	0.0354541	5440255	60.3566	-1
475.351	654.162	3.47213	0.032372	14287871	283.129	-1
475.351	654.162	3.47213	0.032372	14287871	158.313	-1
475.249	654.021	3.645	0.0322526	1048832	283.001	-1
475.249	654.021	3.645	0.0322526	1048832	162.705	-1
474.334	585.796	2.49762	0.0474536	7144191	17.0481	-1
473.475	488.46	3.26068	0.0350687	9700351	112.977	-1
473.286	181.64	20.3701	0.0562254	8520194	349.182	-1
473.286	181.64	20.3701	0.0562254	8520194	163.796	-1
473.01	597.391	2.55913	0.0407128	8913663	1.87534	-1
472.927	463.704	27.1541	0.047152	12649218	218.822	-1
472.923	602.919	2.04561	0.0560203	9437695	349.476	-1
472.923	602.919	2.04561	0.0560203	9437695	309.528	-1
472.864	136.525	2.00627	0.0375097	7995903	328.543	-1
404.767	238.894	3.69476	0.0477873	2031872	220.958	-1
472.117	165.1	4.24673	0.0369414	12124416	211.252	-1
248.059	97.8695	1.95988	0.0415198	6291967	255.85	-1
132.05	29.8592	2.25458	0.0403081	16450047	267.365	-1
471.062	628.72	2.18125	0.0394086	14090751	90.3172	-1
132.05	29.8592	2.25458	0.0403081	16450047	188.766	-1
131.613	61.5866	2.22779	0.0378173	15598079	169.538	-1
131.409	153.51	1.94154	0.0280543	5636607	212.528	-1
470.984	484.284	2.46937	0.0356196	6292223	115.262	-1
131.406	641.368	2.30084	0.0318242	1180415	102.98	-1
364.956	622.99	2.03464	0.0430802	9044479	140.953	-1
470.926	420.6	2.26489	0.0307776	66303	93.5685	-1
469.461	509.308	2.61712	0.0293715	10552063	244.639	-1
364.66	144.401	19.6446	0.046063	5898754	288.431	-1
469.327	444.987	2.19535	0.028264	14549503	221.298	-1
130.293	55.7102	2.37985	0.0290373	3670783	179.161	-1
248.882	249.505	2.55337	0.0442605	8717055	158.215	-1
468.979	581.928	1.93543	0.0279981	5439999	128.627	-1
405.674	636.45	2.43904	0.0648952	5440255	94.602	-1
468.133	507.078	6.50714	0.0294362	9569024	249.798	-1
406.706	639.673	1.90354	0.04793	4194815	260.511	-1
467.864	133.847	2.1583	0.0537893	13304319	320.536	-1
466.377	585.084	4.19468	0.0499615	11206912	96.359	-1
128.375	643.278	2.34959	0.0370946	2753279	105.537	-1
364.208	52.0833	2.67757	0.0301723	12190463	103.503	-1
364.071	55.6503	2.38047	0.0328836	3670783	101.003	-1
466.325	197.324	2.02126	0.0468861	8520191	168.11	-1
406.922	629.678	2.97712	0.0475114	3146751	232.872	-1
347.204	546.462	5.28651	0.0332441	11272704	275.332	-1
466.215	591.005	4.1788	0.0340109	10944768	188.118	-1
249.844	259.695	2.36029	0.030261	3080959	147.96	-1
465.578	153.9	2.19187	0.0290556	14418431	99.6415	-1
406.922	629.678	2.97712	0.0475114	3146751	259.422	-1
465.478	628.394	2.27464	0.0311675	393983	96.52	-1
465.223	652.514	3.27853	0.0452694	10093567	295.243	-1
347.204	546.462	5.28651	0.0332441	11272704	305.342	-1
274.97	334.756	50.809	0.040197	7799555	299.279	-1
347.456	230.788	5.99739	0.0480596	3670784	93.3347	-1
250.567	144.156	2.41517	0.0369506	4719359	209.186	-1
363.477	242.878	2.91289	0.0502139	1573887	275.206	-1
464.595	483.205	2.5442	0.0358884	8454911	127.147	-1
464.375	170.431	1.99953	0.033267	7799295	259.726	-1
463.529	601.988	5.32786	0.0536991	11796992	265.423	-1
408.029	244.13	4.68441	0.0292292	2490880	82.6844	-1
463.162	251.446	17.2774	0.04032	13369602	218.635	-1
463.162	251.446	17.2774	0.04032	13369602	79.0919	-1
463.116	212.502	1.99229	0.0457005	7537151	212.993	-1
462.962	161.388	9.82292	0.0719423	5898753	266.804	-1
462.962	161.388	9.82292	0.0719423	5898753	222.749	-1
462.962	161.388	9.82292	0.0719423	5898753	97.7405	-1
125.515	640.799	2.24994	0.0304839	16318975	81.4794	-1
409.138	646.654	2.09997	0.039635	11338239	275.099	-1
409.372	649.446	1.91386	0.0335192	4588031	277.599	-1
274.439	448.773	2.0819	0.0330706	10682879	298.805	-1
83.2879	51.653	2.32575	0.0291226	1966847	318.103	-1
410.4	632.931	3.50216	0.0591146	14877695	88.2412	-1
462.383	587.818	1.93916	0.0570735	5571071	268.136	-1
462.383	587.818	1.93916	0.0570735	5571071	55.1267	-1
274.071	412.849	2.15625	0.0311412	13238783	32.2184	-1
124.555	278.831	1.95094	0.0280335	5964287	190.834	-1
462.383	587.818	1.93916	0.0570735	5571071	24.8465	-1
462.368	194.456	2.12392	0.0440706	12124671	153.441	-1
462.35	631.128	2.44776	0.0369725	5702399	291.277	-1
462.35	631.128	2.44776	0.0369725	5702399	162.652	-1
251.285	408.84	9.37919	0.035684	2556417	15.4293	-1
251.285	408.84	9.37919	0.035684	2556417	251.427	-1
251.401	136.949	1.86332	0.0347202	2687487	209.687	-1
462.1	594.523	2.67354	0.0481089	12059391	13.7561	-1
411.954	637.11	2.97587	0.0514852	3081215	85.2131	-1
462.093	593.716	2.06059	0.0484618	9961983	357.018	-1
462.093	593.716	2.06059	0.0484618	9961983	318.938	-1
462.093	593.716	2.06059	0.0484618	9961983	298.884	-1
462.093	593.716	2.06059	0.0484618	9961983	252.579	-1
461.821	627.65	1.85485	0.0361554	2359807	92.7864	-1
363.415	213.866	3.09516	0.0628538	5964799	331.318	-1
411.954	299.332	25.1778	0.0341797	7144194	249.704	-1
461.105	188.185	2.07892	0.0314416	10551807	142.009	-1
412.786	627.884	2.07693	0.0374817	10486271	312.368	-1
460.513	604.035	2.16737	0.0512699	13566463	270.458	-1
347.456	230.788	5.99739	0.0480596	3670784	210.931	-1
123.33	294.288	3.04436	0.0303997	4719615	186.012	-1
460.31	137.65	4.13185	0.0318673	10158336	230.675	-1
123.192	652.937	16.2019	0.0306249	8716546	109.906	-1
460.068	528.745	2.08262	0.0298976	10682879	154.011	-1
363.415	213.866	3.09516	0.0628538	5964799	220.638	-1
251.704	256.608	2.46317	0.0409527	6161151	151.279	-1
363.248	198.85	1.93734	0.0335406	5505535	36.7129	-1
413.491	647.52	2.36738	0.0389114	3277567	275.085	-1
459.831	431.573	21.1706	0.038728	11338242	226.198	-1
459.831	431.573	21.1706	0.038728	11338242	118.258	-1
413.779	164.046	11.9145	0.0529657	3146497	17.4156	-1
415.104	218.658	6.40636	0.0532626	8454912	198.077	-1
459.562	590.961	2.4211	0.0404688	4915967	273.287	-1
459.562	590.961	2.4211	0.0404688	4915967	90.6474	-1
415.589	220.954	8.23297	0.0534766	9830657	197.785	-1
252.765	517.792	2.02535	0.0279531	8716799	230.843	-1
253.22	176.574	21.5198	0.0588258	12517890	18.2202	-1
458.884	639.898	3.53897	0.0333516	15664127	163.993	-1
253.523	93.3911	1.95495	0.0420517	6160895	207.901	-1
253.761	134.077	2.03338	0.0369098	8978943	223.557	-1
272.328	156.027	2.0893	0.0299194	10945023	12.2516	-1
253.837	241.36	13.6673	0.0603546	13107969	165.77	-1
272.229	48.0295	2.53012	0.0412217	8061695	280.336	-1
271.602	132.473	10.419	0.0524772	10158593	262.123	-1
458.715	577.803	6.40928	0.0400312	8454912	91.9906	-1
253.837	241.36	13.6673	0.0603546	13107969	313.436	-1
348.181	230.437	5.60693	0.0482604	15467008	92.5642	-1
458.492	189.129	2.08341	0.0363294	10748415	139	-1
458.429	142.845	2.22541	0.0318784	15532543	241.423	-1
416.361	650.875	2.57046	0.0283225	9241343	276.839	-1
416.407	639.043	2.6437	0.0488603	11272959	92.0334	-1
348.181	230.437	5.60693	0.0482604	15467008	211.397	-1
458.38	650.837	2.1202	0.0310787	11993599	274.025	-1
416.407	639.043	2.6437	0.0488603	11272959	322.758	-1
416.671	210.205	4.87977	0.0590588	5440000	200.238	-1
362.292	642.936	1.96534	0.043472	6488575	80.9394	-1
458.365	185.033	2.46629	0.0301284	6226687	135.944	-1
362.034	195.534	2.57683	0.0369807	9372415	32.1798	-1
348.602	163.288	15.0207	0.0539015	3211522	98.4171	-1
457.515	595.466	15.9122	0.0532239	7405826	277.959	-1
361.887	220.911	10.3136	0.0528786	9437697	232.353	-1
255.64	452.884	2.11708	0.0298722	11928063	260.519	-1
119.039	640.556	2.42797	0.0386258	5112575	116.736	-1
255.729	438.72	8.54496	0.0361259	12583169	2.30908	-1
118.664	269.416	12.5958	0.0334325	7209729	182.421	-1
457.192	140.416	2.14946	0.033967	12976639	241.797	-1
361.887	220.911	10.3136	0.0528786	9437697	72.0788	-1
118.12	250.845	1.97198	0.032625	6750719	77.7	-1
456.013	201.176	14.6602	0.0629212	1442050	159.058	-1
361.323	646.207	2.71517	0.0615606	13173503	80.5696	-1
418.12	647.836	2.51749	0.0403519	7734015	277.248	-1
419.032	230.978	3.41154	0.0437467	12977151	21.0208	-1
455.334	167.613	2.47083	0.0397743	6357759	292.135	-1
419.032	230.978	3.41154	0.0437467	12977151	87.0357	-1
454.9	636.381	1.94978	0.0372604	5964287	270.444	-1
270.534	124.765	2.38357	0.0308243	3736319	252.964	-1
117.312	572.261	1.87617	0.0281671	3146239	195.506	-1
454.9	636.381	1.94978	0.0372604	5964287	34.6332	-1
454.845	630.842	2.10766	0.0325529	11600383	80.8457	-1
419.032	230.978	3.41154	0.0437467	12977151	269.572	-1
419.591	219.635	2.0875	0.0317987	10879487	311.055	-1
454.549	590.392	2.0602	0.0286783	9961983	91.9014	-1
420.392	637.258	3.09035	0.0530927	5833727	128.932	-1
454.447	138.42	7.33722	0.0353605	1507585	240.483	-1
454.285	138.917	6.69324	0.0354831	11600640	244.963	-1
420.816	169.158	2.47047	0.0323075	6357759	190.867	-1
453.561	587.36	2.02614	0.0424992	8716799	280.804	-1
453.561	587.36	2.02614	0.0424992	8716799	91.859	-1
453.507	633.68	2.00645	0.0413704	7995903	81.6318	-1
453.066	180.466	2.0886	0.0295956	10945023	128.812	-1
421.141	632.539	2.3366	0.0362865	2294527	122.048	-1
421.533	159.274	5.63296	0.0447956	15860224	196.896	-1
98.5002	599.231	2.57931	0.0290277	9503487	244.87	-1
116.803	625.099	22.6251	0.0484643	16122370	184.984	-1
452.858	652.598	1.99231	0.03198	7537151	273.92	-1
116.803	625.099	22.6251	0.0484643	16122370	113.364	-1
452.595	543.504	19.2994	0.0291974	4653570	177.512	-1
421.824	650.847	1.85711	0.0319318	2425343	277.515	-1
422.484	221.929	2.56272	0.029566	8979199	308.393	-1
349.517	203.426	1.99463	0.0362709	7602687	179.221	-1
350.638	60.9305	2.24915	0.0488877	16253439	282.103	-1
422.696	61.9824	2.6966	0.0422031	12714751	288.291	-1
99.254	637.871	10.0381	0.0302722	7471617	146.628	-1
423.008	647.847	2.47279	0.0362861	6423295	276.269	-1
423.783	150.086	8.31005	0.0353271	10551553	276.544	-1
423.873	633.095	4.80414	0.0342656	4325888	124.022	-1
423.946	229.761	1.94528	0.0431399	5767679	79.1701	-1
268.742	219.061	17.3738	0.0564012	13762818	13.3945	-1
451.446	649.958	2.16233	0.0435958	13435391	274.55	-1
256.812	272.812	26.2181	0.0293631	10093314	299.478	-1
451.188	463.623	5.42227	0.0484635	13107712	144.869	-1
351.634	63.5785	1.85741	0.0443987	2425343	280.389	-1
450.783	631.147	2.24944	0.0321586	16253439	81.917	-1
425.157	637.192	1.86183	0.0468359	2621951	146.921	-1
450.309	121.281	24.9625	0.0330425	6554370	123.15	-1
450.167	150.108	8.31094	0.0529377	10551553	89.0693	-1
360.442	212.784	1.87081	0.0371436	2949631	214.333	-1
352.633	204.862	2.64619	0.073913	11338495	62.0666	-1
425.99	223.969	1.92555	0.0279336	5046783	295.249	-1
360.391	202.824	1.95916	0.0325433	6291967	42.5625	-1
450.12	178.27	2.09084	0.0361196	11010559	126.87	-1
450.105	171.614	8.21311	0.0664146	9699585	134.221	-1
360.354	415.334	2.21578	0.0291839	15204863	126.974	-1
258.058	133.703	2.0419	0.0358914	9306623	235.243	-1
449.56	633.919	2.0425	0.0302047	9306623	79.825	-1
449.414	601.241	5.27279	0.0588129	11076096	357.676	-1
352.633	204.862	2.64619	0.073913	11338495	175.057	-1
353.163	235.195	4.65007	0.0536731	1966592	33.9823	-1
353.163	235.195	4.65007	0.0536731	1966592	211.434	-1
449.34	181.073	2.22762	0.032255	15598079	127.884	-1
266.796	248.147	3.17998	0.0280685	7930879	53.122	-1
266.525	251.715	8.57019	0.0299909	12779777	40.9651	-1
258.271	229.617	6.31938	0.0568298	7471872	5.18713	-1
448.668	640.512	2.02393	0.0296272	8651263	283.046	-1
448.668	640.512	2.02393	0.0296272	8651263	142.549	-1
447.449	651.934	1.94795	0.0367222	5898751	270.105	-1
114.971	596.966	1.87795	0.0438755	3211775	348.306	-1
447.04	601.372	1.9258	0.0556437	5046783	356.829	-1
447	147.456	2.7942	0.0369592	15270655	202.856	-1
446.707	638.894	3.47653	0.0349347	14353407	151.812	-1
446.707	638.894	3.47653	0.0349347	14353407	26.2459	-1
446.646	604.99	1.82642	0.0330624	1245695	310.883	-1
258.271	229.617	6.31938	0.0568298	7471872	284.118	-1
103.634	632.178	2.30909	0.0300839	1442559	159.485	-1
446.501	631.687	2.42784	0.033781	5112575	261.823	-1
446.501	631.687	2.42784	0.033781	5112575	72.847	-1
360.354	415.334	2.21578	0.0291839	15204863	100.207	-1
259.41	501.114	1.80518	0.0325401	393727	35.7185	-1
114.769	568.073	3.15511	0.028173	7341055	191.759	-1
265.645	130.052	2.71671	0.0319037	13239039	249.426	-1
259.41	501.114	1.80518	0.0325401	393727	227.658	-1
259.41	501.114	1.80518	0.0325401	393727	359.564	-1
259.583	44.7106	2.54626	0.0496637	8520447	282.407	-1
445.289	151.094	1.95913	0.035616	6291967	209.568	-1
445.187	198.483	2.0893	0.0300443	10945023	311.475	-1
360.336	217.007	2.70123	0.0399914	12780287	226.569	-1
259.816	500.592	60.4589	0.0344	3670276	304.992	-1
427.774	197.007	15.4964	0.0475809	5439746	202.108	-1
113.55	74.2818	24.9837	0.0388525	6619906	178.157	-1
359.325	54.0552	1.98478	0.0291383	7209471	97.7566	-1
358.895	200.74	1.96322	0.0297907	6423039	41.9364	-1
443.489	147.925	2.60671	0.0365629	10224383	204.553	-1
443.29	585.673	6.3795	0.0426379	8127232	9.38297	-1
105.066	636.996	2.20573	0.0312995	14877183	156.901	-1
427.774	197.007	15.4964	0.0475809	5439746	320.931	-1
443.27	649.369	2.36385	0.0441905	3146495	266.934	-1
441.83	652.025	1.97975	0.0338717	7078399	270.103	-1
428.817	215.05	10.0338	0.059543	7471617	97.6291	-1
105.922	629.867	2.3223	0.0297285	1901311	160.069	-1
428.817	215.05	10.0338	0.059543	7471617	327.246	-1
428.913	637.612	2.99327	0.0485018	3539967	146.843	-1
440.803	631.433	2.00857	0.0320476	8061439	254.842	-1
440.728	205.137	9.4321	0.0603722	3015169	319.678	-1
440.728	205.137	9.4321	0.0603722	3015169	98.1066	-1
440.683	159.975	2.16836	0.0367298	13631999	63.8799	-1
429.028	220.713	4.11024	0.0313976	9765120	280.521	-1
358.437	639.514	2.31885	0.032008	1770239	259.802	-1
439.994	429.281	37.5463	0.04143	2621955	189.858	-1
439.994	429.281	37.5463	0.04143	2621955	87.1325	-1
438.103	628.74	2.13808	0.0386529	12583423	97.2094	-1
437.959	148.347	7.34644	0.0505127	1638657	210.76	-1
357.968	193.665	9.91202	0.0648654	6554113	186.15	-1
437.863	157.25	4.02219	0.0585732	8192256	249.338	-1
429.524	648.01	2.64849	0.0449649	11404031	275.689	-1
437.863	157.25	4.02219	0.0585732	8192256	61.1647	-1
106.724	633.36	2.0647	0.0311341	10093055	160.793	-1
437.086	638.358	3.12794	0.0473939	6685695	153.401	-1
437.086	638.358	3.12794	0.0473939	6685695	42.2688	-1
436.994	231.191	4.66794	0.0356678	2228736	263.967	-1
112.471	638.962	1.87204	0.0434624	3015167	115.039	-1
436.711	652.061	2.33825	0.0308901	2360063	271.823	-1
436.194	190.692	1.95524	0.0305346	6160895	311.321	-1
263.867	127.56	2.16363	0.0328323	13500927	249.586	-1
112.471	638.962	1.87204	0.0434624	3015167	70.7135	-1
111.762	356.259	2.27082	0.0355448	262911	213.894	-1
429.745	148.208	4.04467	0.0365016	8585472	8.00397	-1
357.596	647.581	2.13911	0.0317667	12648959	337.398	-1
107.684	594.346	2.89499	0.0333975	1115135	204.648	-1
357.596	647.581	2.13911	0.0317667	12648959	283.257	-1
433.415	153.179	4.02173	0.0480041	8192256	252.46	-1
107.855	519.916	9.20123	0.0322637	1180161	186.635	-1
111.522	531.303	2.12238	0.0315519	12059135	184.683	-1
433.415	153.179	4.02173	0.0480041	8192256	8.41101	-1
433.404	645.8	1.88837	0.0300346	3604991	103.308	-1
432.988	637.209	1.87321	0.0538542	3015167	153.818	-1
111.117	537.131	2.51911	0.0288037	7734015	187.813	-1
432.988	637.209	1.87321	0.0538542	3015167	28.3412	-1
356.376	206.657	2.33462	0.0309407	2294527	55.4529	-1
108.449	637.367	2.48868	0.0420028	6882047	110.725	-1
108.449	637.367	2.48868	0.0420028	6882047	156.021	-1
432.957	631.841	3.11272	0.0398777	6358015	334.395	-1
111.042	596.227	3.27321	0.0340901	9962495	204.916	-1
262.588	192.902	2.11738	0.0299174	11928063	19.5356	-1
356.485	219.46	2.24466	0.0414692	16122367	238.902	-1
432.957	631.841	3.11272	0.0398777	6358015	164.658	-1
429.807	612.701	32.1308	0.035593	8061187	291.785	-1
261.283	131.748	1.83124	0.0353118	1376767	240.841	-1
432.954	630.503	1.95851	0.0457121	6291967	353.658	-1
430.594	628.283	1.86119	0.0356172	2556415	89.7373	-1
432.954	630.503	1.95851	0.0457121	6291967	311.661	-1
432.954	630.503	1.95851	0.0457121	6291967	237.792	-1
356.973	172.125	2.15007	0.0384631	13042175	194.16	-1
432.954	630.503	1.95851	0.0457121	6291967	183.668	-1
430.594	628.283	1.86119	0.0356172	2556415	236.588	-1
109.863	640.734	2.07206	0.0418798	10355199	110.673	-1
430.945	210.272	2.59219	0.0303022	9831167	116.716	-1
110.173	635.74	5.74824	0.0410251	590592	147.348	-1
110.173	635.74	5.74824	0.0410251	590592	113.457	-1
334.423	400.973	2.55169	0.0278981	8717055	127.64	-1
66.1364	561.526	1.81511	0.0271101	786943	35.6704	-1
110.351	604.641	6.72715	0.0252759	11993856	204.388	-1
371.819	573.231	6.93098	0.0273509	14091008	305.807	-1
261.585	453.345	2.08796	0.0269697	10879487	292.707	-1
109.845	588.294	2.13938	0.0258574	12648959	192.881	-1
356.788	344.638	2.27536	0.0263489	393983	278.552	-1
321.505	510.965	4.00051	0.0265578	7799040	310.447	-1
372.242	221.65	2.15466	0.0260937	13173247	278.385	-1
321.357	523.43	2.54734	0.0269482	8585983	109.596	-1
108.291	9.15997	10.6411	0.0261734	11731457	209.894	-1
111.231	580.862	3.2619	0.025324	9765887	190.719	-1
107.874	488.994	11.8411	0.0252964	2753281	184.336	-1
687.523	555.678	10.178	0.0266319	8520193	286.697	-1
6.25498	658.935	2.19156	0.0256725	14418431	270.943	-1
374.065	132.758	2.46317	0.0260418	6161151	285.174	-1
435.294	406.542	2.40183	0.027321	4326143	100.414	-1
320.25	205.483	1.82076	0.0256206	983551	83.9031	-1
319.234	338.665	2.55982	0.0262225	8913663	270.526	-1
319.234	338.665	2.55982	0.0262225	8913663	187.309	-1
326.136	392.562	2.19848	0.0275689	14615039	110.329	-1
656.186	323.352	6.66718	0.0253362	11338496	130.016	-1
436.711	645.944	1.99906	0.0253679	7733759	91.7314	-1
106.588	459.191	13.9558	0.0268404	14615297	180.995	-1
650.225	114.476	1.93404	0.0275662	5374463	339.988	-1
650.225	114.476	1.93404	0.0275662	5374463	233.521	-1
263.952	524.109	2.7623	0.0278109	14418687	84.2155	-1
263.952	524.109	2.7623	0.0278109	14418687	278.598	-1
12.9472	353.033	9.11228	0.0262007	459265	96.5772	-1
644.793	686.841	3.15109	0.0278827	7275519	60.139	-1
381.32	346.825	2.19292	0.0255068	14418431	170.409	-1
381.32	346.825	2.19292	0.0255068	14418431	340.36	-1
304.554	650.507	1.89656	0.027292	3932671	95.5178	-1
16.7391	625.271	2.55659	0.026971	8848127	269.547	-1
304.313	222.141	2.01042	0.0270012	8192511	99.6294	-1
619.576	508.405	19.0512	0.0266459	3670530	341.777	-1
619.06	305.164	2.53633	0.0261328	8258303	83.2627	-1
371.084	344.777	3.00091	0.0263066	3736575	263.738	-1
302.264	215.526	2.11577	0.0265871	11862527	310.394	-1
234.694	42.5461	2.03803	0.0265302	9175551	264.244	-1
445.048	410.374	2.40234	0.0275063	4326143	117.708	-1
616.042	629.608	1.86174	0.0271932	2621951	184.983	-1
210.267	394.451	1.89139	0.0258166	3736063	39.541	-1
19.2347	213.631	2.50816	0.0252752	7471871	298.202	-1
371.084	344.777	3.00091	0.0263066	3736575	194.996	-1
384.674	583.841	10.6997	0.0276108	12124673	305.588	-1
371.084	344.777	3.00091	0.0263066	3736575	16.9753	-1
426.604	228.516	1.83099	0.0257877	1376767	120.215	-1
235.172	449.44	3.19048	0.026603	8127487	287.113	-1
298.452	211.185	2.45776	0.0278239	5964543	327.984	-1
114.873	642.879	4.3455	0.0258033	13762816	105.243	-1
235.782	449.103	3.78189	0.0261299	3735808	162.076	-1
297.212	456.991	3.79291	0.0270518	3932416	302.874	-1
353.534	345.869	2.41669	0.026479	4784895	181.783	-1
102.466	449.327	1.95826	0.0267729	6226431	62.6549	-1
426.604	228.516	1.83099	0.0257877	1376767	60.159	-1
448.825	412.548	2.12139	0.0265167	12059135	126.566	-1
201.691	69.1661	2.41336	0.0261981	4653823	99.8437	-1
235.782	449.103	3.78189	0.0261299	3735808	289.122	-1
371.072	418.698	2.5885	0.027582	9700095	92.755	-1
101.289	626.43	2.61305	0.0252751	10420991	158.82	-1
197.142	68.9361	1.92215	0.0262096	4915711	98.3643	-1
100.845	477.177	4.58619	0.0270764	983552	119.733	-1
296.608	457.54	2.60949	0.0276072	10289919	301.486	-1
352.098	504.422	4.73864	0.0264	3342848	64.5272	-1
296.118	206.177	2.09429	0.0264335	11141631	340.395	-1
350.672	150.669	2.79746	0.0271007	15336191	93.2507	-1
295.592	655.027	3.2627	0.0254629	9765887	83.0302	-1
99.7962	81.5653	1.91009	0.0268992	4456959	260.948	-1
115.851	329.938	10.0926	0.0270311	7864833	184.436	-1
99.7962	81.5653	1.91009	0.0268992	4456959	88.7469	-1
115.94	561.012	4.18237	0.027896	11010304	183.44	-1
329.762	397.672	2.32046	0.0262467	1835775	122.803	-1
452.146	478.964	10.2518	0.0256533	8978945	142.361	-1
25.0765	452.788	1.98723	0.0270247	7340543	190.899	-1
116.418	575.505	1.83756	0.0270283	1638911	195.833	-1
582.281	647.491	2.15049	0.026834	13042175	350.709	-1
422.021	227.571	1.82926	0.0269036	1311231	83.1734	-1
183.969	30.647	4.79745	0.0269343	4194816	279.469	-1
581.37	67.3243	7.94705	0.0259354	7274753	286.232	-1
580.228	74.2226	2.99382	0.0268484	3539967	281.425	-1
349.355	344.094	2.58417	0.0263218	9634559	268.462	-1
269.623	69.8121	2.84587	0.0265642	16581375	22.9808	-1
331.112	395.131	2.28926	0.0258363	852735	121.363	-1
332.832	526.87	3.79877	0.0266748	4063488	65.4453	-1
454.171	475.454	2.53371	0.0257373	8192767	139.035	-1
269.623	69.8121	2.84587	0.0265642	16581375	49.1902	-1
30.1527	652.394	8.75012	0.0261827	14287105	118.415	-1
269.623	69.8121	2.84587	0.0265642	16581375	226.825	-1
454.766	249.011	2.21323	0.0266466	15139327	28.6566	-1
391.188	615.959	9.53965	0.0256696	3801601	98.2675	-1
577.464	560.473	2.84394	0.0253308	16515839	355.51	-1
349.054	647.162	2.02545	0.0265363	8716799	78.9154	-1
418.201	409.647	3.73187	0.025396	2752768	63.0912	-1
418.137	409.488	3.42595	0.025817	13304831	67.1948	-1
180.041	82.6703	1.87995	0.0274112	3277311	191.77	-1
117.912	399.212	4.90492	0.0258304	5833216	189.482	-1
178.801	12.754	2.48133	0.0255858	6685439	293.795	-1
178.801	12.754	2.48133	0.0255858	6685439	99.3588	-1
575.881	674.294	4.36876	0.0252761	14156032	99.6076	-1
118.582	398.806	3.52799	0.0264168	15401983	187.87	-1
177.403	33.8657	2.21317	0.026036	15139327	276.319	-1
574.289	287.443	2.08542	0.0276325	10813951	357.076	-1
333.763	346.677	2.60007	0.0257177	10027775	358.955	-1
457.376	419.098	2.07647	0.0273756	10486271	121.534	-1
393.441	622.42	1.8065	0.0277461	393727	97.3929	-1
333.939	343.53	2.35027	0.027286	2753279	355.542	-1
457.604	415.91	2.49744	0.0260088	7144191	122.804	-1
92.3124	630.289	3.62732	0.0266534	721152	232.442	-1
362.458	153.086	1.82378	0.0261033	1114623	145.191	-1
569.985	675.175	8.12246	0.0268001	8913153	89.9377	-1
92.3124	630.289	3.62732	0.0266534	721152	92.5833	-1
92.0978	103.462	2.80811	0.0266216	15598335	33.8127	-1
334.138	397.396	2.10103	0.026893	11338239	122.876	-1
169.207	556.425	1.84072	0.0277781	1769983	25.7466	-1
566.41	648.834	2.34918	0.0255441	2687743	276.263	-1
395.924	620.754	1.93269	0.026288	5308927	98.6856	-1
39.5988	393.885	15.1993	0.0278779	4063490	252.446	-1
41.7165	433.623	4.58352	0.0277531	918016	247.969	-1
338.653	404.036	1.99362	0.0255345	7537151	129.076	-1
416.259	653.789	5.87189	0.026129	2097920	278.497	-1
120.859	328.169	2.61466	0.0255107	10486527	177.838	-1
164.889	646.129	2.7985	0.0267476	15401727	146.988	-1
287.504	505.114	2.21456	0.0276111	15139327	311.304	-1
287.504	505.114	2.21456	0.0276111	15139327	69.9879	-1
348.165	526.387	29.3684	0.0260084	1573123	289.052	-1
458.726	682.269	1.97211	0.0253517	6750719	14.1128	-1
458.874	633.658	3.06051	0.0268247	5112831	163.795	-1
540.542	669.379	2.12547	0.0274301	12190207	98.4455	-1
286.954	128.154	2.04146	0.0273542	9241087	89.4295	-1
90.019	107.839	2.03584	0.026878	9044479	19.7656	-1
459.643	451.424	2.17466	0.027658	13828607	231.231	-1
532.265	665.555	1.94806	0.0253501	5898751	287.97	-1
532.265	665.555	1.94806	0.0253501	5898751	88.6663	-1
527.223	651.918	2.08118	0.0275987	10682879	274.338	-1
50.1376	317.891	2.08246	0.0263363	10682879	96.1589	-1
459.879	633.815	1.88586	0.0272438	3539455	169.658	-1
512.311	90.9201	1.82078	0.0268827	983551	275.959	-1
367.163	131.027	2.069	0.0260436	10224127	286.171	-1
153.979	31.3467	2.47846	0.0265896	6619903	276.261	-1
460.106	514.351	2.50119	0.0267696	7275263	232.442	-1
460.367	454.608	2.48982	0.0260643	6947583	230.521	-1
87.9075	146.055	15.7226	0.0254771	6488322	197.804	-1
508.81	647.608	2.61678	0.0253099	10486527	274.206	-1
123.841	297.55	1.86094	0.0257756	2556415	190.568	-1
461.719	654.818	2.21393	0.0258827	15139327	296.387	-1
508.81	647.608	2.61678	0.0253099	10486527	96.6922	-1
124.077	603.512	8.14893	0.0276644	9109761	143.088	-1
124.077	603.512	8.14893	0.0276644	9109761	268.607	-1
411.412	576.765	19.4355	0.0257264	5112322	283.304	-1
462.238	636.3	1.90746	0.0265489	4325887	166.398	-1
506.412	428.703	2.1661	0.0263216	13566463	207.272	-1
504.232	643.663	2.05444	0.0273295	9699839	272.395	-1
84.745	591.587	2.03019	0.0274667	8847871	233.075	-1
504.232	643.663	2.05444	0.0273295	9699839	90.5717	-1
148.744	30.6997	2.72807	0.0275949	13501183	272.177	-1
499.297	89.4077	1.9631	0.0260016	6423039	280.753	-1
496.446	660.62	2.24103	0.026107	15991295	101.327	-1
486.2	489.727	2.05407	0.0256472	9699839	98.667	-1
69.0344	108.872	2.25945	0.0259493	16581119	64.252	-1
482.051	488.338	2.35123	0.0265572	2753279	105.495	-1
480.941	641.876	2.11428	0.0269396	11796991	265.482	-1
80.7629	302.274	2.06516	0.0265921	10093055	2.75812	-1
363.856	418.581	2.55759	0.0259805	8848127	98.6676	-1
480.32	609.3	5.64968	0.0254378	16056832	271.431	-1
465.517	445.235	2.41281	0.025975	4653823	220.415	-1
465.721	559.757	2.1732	0.0266922	13763071	186.913	-1
479.249	606.283	1.84991	0.0272303	2163199	269.113	-1
79.5889	365.911	1.97307	0.0260048	6816255	267.214	-1
79.5889	365.911	1.97307	0.0260048	6816255	9.31961	-1
247.407	91.0657	10.8607	0.0278214	13173249	121.557	-1
466.34	449.32	3.02677	0.0256206	4326399	221.306	-1
276.425	456.772	2.35078	0.0257565	2753279	44.4388	-1
128.467	544.297	25.8594	0.0271496	9110274	182.688	-1
469.376	551.748	6.90446	0.0278559	13828864	179.272	-1
468.503	441.688	2.40321	0.0264426	4326143	220.352	-1
364.391	133.037	2.45668	0.0256366	5964543	288.399	-1
275.958	368.398	10.0772	0.026672	7799297	97.2084	-1
276.077	374.399	2.14171	0.0271436	12714495	98.5685	-1
432.012	163.35	2.09546	0.0252735	11141631	40.7958	-1
304.864	481.823	2.40718	0.0250415	4457215	295.984	-1
434.994	212.878	2.69084	0.0250756	12518143	117.456	-1
363.24	411.722	8.69086	0.0252453	13762817	107.641	-1
594.485	358.805	3.30063	0.0251888	10617855	47.5107	-1
260.596	517.797	1.96945	0.0251133	6685183	279.25	-1
260.596	517.797	1.96945	0.0251133	6685183	203.954	-1
118.61	368.08	4.053	0.0250857	8716544	176.379	-1
313.913	495.629	4.63217	0.0251219	1704448	326.778	-1
313.913	495.629	4.63217	0.0251219	1704448	17.7668	-1
462.288	98.9575	2.47141	0.0252449	6357759	110.676	-1
472.188	441.966	2.73164	0.0252347	13632255	219.454	-1
338.382	219.905	2.104	0.025264	11469311	298.361	-1
462.288	98.9575	2.47141	0.0252449	6357759	259.625	-1
437.898	558.798	40.2811	0.0249479	7733763	289.07	-1
457.327	239.018	2.97914	0.0251258	3212287	80.4053	-1
168.97	30.6143	1.91713	0.0250713	4719103	278.218	-1
305.558	421.512	1.8392	0.0249384	1704447	37.294	-1
614.509	104.779	33.1142	0.0249608	10289411	4.16998	-1
480.387	504.588	1.81208	0.0249958	655871	251.082	-1
390.829	583.319	4.11811	0.0250019	9896192	304.684	-1
293.737	37.9333	7.46326	0.0252618	2752769	106.242	-1
362.905	563.063	5.55006	0.0251416	14746112	313.665	-1
105.157	611.869	1.99533	0.0249893	7602687	200.217	-1
457.344	664.102	13.4645	0.0251542	11993857	59.4548	-1
113.978	574.564	2.09869	0.0251844	11272703	196.52	-1
577.703	567.733	2.07141	0.0252395	10289663	5.56952	-1
271.108	503.319	2.11814	0.0249304	11928063	229.111	-1
265.112	16.2161	6.36182	0.0248985	7930624	140.033	-1
265.112	16.2161	6.36182	0.0248985	7930624	161.01	-1
265.112	16.2161	6.36182	0.0248985	7930624	296.293	-1
564.815	171.642	12.4607	0.0248873	6423297	358.445	-1
347.904	49.8938	3.90586	0.024883	6029568	93.1509	-1
301.528	650.35	2.31654	0.0248779	1704703	81.8124	-1
