405.398	562.783	3.24089	0.105623	9307135	32.2828	-1
198.511	155.455	1.91799	0.0724703	4784639	186.551	-1
198.511	155.455	1.91799	0.0724703	4784639	258.869	-1
599.072	238.571	3.35928	0.0792207	11863039	356.535	-1
204.713	235.935	3.09407	0.0714248	5899263	184.282	-1
204.996	224.371	5.22373	0.0572756	10355200	173.094	-1
597.865	223.694	6.15139	0.0523075	5505792	11.653	-1
212.043	168.541	22.7122	0.0802262	16384514	180.221	-1
212.043	168.541	22.7122	0.0802262	16384514	266.409	-1
597.615	232.175	3.89946	0.0893388	5964032	316.909	-1
597.615	232.175	3.89946	0.0893388	5964032	41.4998	-1
590.173	168.398	21.4499	0.0812618	12255746	357.201	-1
566.069	602.59	2.60594	0.0625244	10224383	11.6474	-1
563.571	631.496	2.73437	0.0573835	13697791	7.45438	-1
562.653	630.883	4.24644	0.0554029	12124416	8.78445	-1
560.202	697.767	2.5553	0.0564006	8782591	7.87659	-1
232.602	559.615	8.24213	0.0615749	9961729	169.43	-1
559.59	599.723	12.9341	0.0627645	9110273	10.0151	-1
233.258	606.977	4.37594	0.0664626	14287104	173.946	-1
555.369	904.948	3.37428	0.0651177	12190719	65.8712	-1
555.369	904.948	3.37428	0.0651177	12190719	3.7547	-1
549.205	902.34	11.4069	0.070688	769	359.028	-1
549.205	902.34	11.4069	0.070688	769	75.8013	-1
548.865	671.852	4.96459	0.0577473	6685184	149.539	-1
236.279	601.282	10.0222	0.0604856	7340545	178.42	-1
544.121	908.391	3.11237	0.0523407	6358015	83.222	-1
542.742	216.271	96.377	0.0829881	3998468	356.143	-1
541.915	747.174	3.0392	0.0640186	4654079	46.424	-1
541.117	289.461	2.01612	0.0763327	8389119	228.158	-1
538.128	283.423	8.35449	0.0681581	10944769	167.451	-1
537.517	583.328	5.62103	0.0593844	15663616	155.791	-1
537.517	583.328	5.62103	0.0593844	15663616	25.5831	-1
537.447	582.84	5.91189	0.0594394	2622208	155.562	-1
535.047	289.884	2.03965	0.0692237	9175551	304.139	-1
533.411	820.249	3.93154	0.0585843	6553856	126.507	-1
532.919	293.908	4.80023	0.0593109	4260352	159.262	-1
532.453	528.413	68.5342	0.0657331	12714244	12.2079	-1
531.661	758.057	4.64626	0.0670908	1901056	125.96	-1
531.661	758.057	4.64626	0.0670908	1901056	22.8237	-1
240.232	558.421	20.2764	0.0643802	8192514	169.592	-1
531.072	705.168	16.8063	0.0659113	11337986	292.721	-1
531.072	705.168	16.8063	0.0659113	11337986	6.80554	-1
526.858	727.22	14.8669	0.0544404	2490626	109.66	-1
526.829	881.893	36.5811	0.0662252	721411	1.40308	-1
525.36	611.195	8.37281	0.0684056	11075841	164.415	-1
524.263	872.905	17.8097	0.069436	15532290	358.678	-1
523.768	810.609	15.0879	0.0536465	3539202	66.7613	-1
241.862	637.179	12.4329	0.0645679	6226689	170.104	-1
523.278	615.505	4.14751	0.0611203	10420480	167.343	-1
523.278	615.505	4.14751	0.0611203	10420480	63.2883	-1
521.712	712.844	3.67583	0.0550849	1638656	73.9146	-1
242.392	750.033	3.37886	0.0533282	12321791	173.595	-1
521.354	713.495	3.33666	0.05582	11404287	167.968	-1
521.354	713.495	3.33666	0.05582	11404287	63.8706	-1
520.84	753.636	4.58252	0.0585102	918016	183.142	-1
520.84	753.636	4.58252	0.0585102	918016	105.415	-1
520.645	576.903	11.2468	0.0806743	15729153	129.15	-1
520.645	576.903	11.2468	0.0806743	15729153	42.9317	-1
243.578	575.975	2.10505	0.0535974	11469311	77.9003	-1
520.181	716.043	1.95086	0.0559861	5964287	170.305	-1
518.807	814.364	9.12013	0.0541542	524801	159.733	-1
518.807	814.364	9.12013	0.0541542	524801	73.5677	-1
517.345	748.882	2.04827	0.0566647	9503231	199.973	-1
516.358	706.407	2.94552	0.0735826	2360319	167.771	-1
515.641	572.456	2.4847	0.0541353	6750975	55.5945	-1
514.334	457.151	1.89459	0.0608342	3867135	299.971	-1
514.035	462.681	5.8606	0.0635277	1966848	355.968	-1
514.035	462.681	5.8606	0.0635277	1966848	182.193	-1
246.444	431.335	45.8142	0.0568115	328451	178.804	-1
513.791	460.914	5.29565	0.0647968	11338240	351.17	-1
246.663	746.992	9.56461	0.0596553	3998209	177.751	-1
513.791	460.914	5.29565	0.0647968	11338240	182.602	-1
512.838	704.529	1.7995	0.0538845	131583	77.9871	-1
510.988	457.102	1.8562	0.0720293	2359807	185.805	-1
510.075	359.66	4.64045	0.075694	1835520	150.156	-1
508.349	895.923	8.61493	0.0601903	13172993	24.1015	-1
507.432	456.633	3.55641	0.0841359	15991807	185.537	-1
507.432	456.633	3.55641	0.0841359	15991807	2.65723	-1
507.264	474.995	3.49921	0.0858023	14812159	357.954	-1
506.658	589.461	4.19865	0.0611878	11272448	76.0544	-1
505.992	582.515	5.93039	0.0628112	2818816	13.0858	-1
503.665	585.413	3.26547	0.0557367	9831423	72.3326	-1
503.556	856.635	12.8526	0.0544477	8651521	202.301	-1
503.556	856.635	12.8526	0.0544477	8651521	84.8092	-1
503.347	314.055	4.40452	0.0833921	14745856	1.91159	-1
503.169	363.279	6.93732	0.0758101	14156544	323.702	-1
502.847	354.217	6.16448	0.077641	5636864	83.0083	-1
501.67	817.616	13.2654	0.0750305	10945281	342.935	-1
501.67	817.616	13.2654	0.0750305	10945281	150.212	-1
501.292	795.972	13.3396	0.0589319	11338497	218.87	-1
500.793	461.068	4.97794	0.0689332	6881792	0.856171	-1
500.487	476.756	2.05821	0.10321	9830911	258.985	-1
500.278	465.989	2.13081	0.102806	12386815	258.88	-1
500.278	465.989	2.13081	0.102806	12386815	91.968	-1
498.919	667.989	18.9477	0.0634535	3277314	140.782	-1
497.441	459.176	2.102	0.0688578	11403775	256.038	-1
497.083	468.825	1.90082	0.0725387	4129279	258.283	-1
497.083	468.825	1.90082	0.0725387	4129279	187.423	-1
496.237	928.852	4.56232	0.0684036	590336	53.6203	-1
495.492	903.334	5.86084	0.0578246	1966848	139.627	-1
495.492	903.334	5.86084	0.0578246	1966848	25.1179	-1
495.1	907.622	3.38533	0.0597134	12452863	159.63	-1
252.586	907.913	2.79111	0.0822083	15205119	102.892	-1
252.586	907.913	2.79111	0.0822083	15205119	170.604	-1
494.168	466.248	4.53012	0.070525	66048	0.0866394	-1
493.982	458.056	3.67382	0.0796734	1638656	78.4305	-1
493.982	458.056	3.67382	0.0796734	1638656	3.07483	-1
493.457	475.995	3.81952	0.0838258	4456704	355.998	-1
493.366	892.148	13.7772	0.0745258	13697793	124.552	-1
493.366	892.148	13.7772	0.0745258	13697793	30.1872	-1
490.083	459.418	2.26675	0.0621336	131839	0.16098	-1
253.92	906.511	5.21489	0.080558	10224128	109.376	-1
487.294	457.345	2.18817	0.0987898	14287359	259.166	-1
485.228	584.859	13.5586	0.064676	12518145	53.4424	-1
485.153	622.05	4.93213	0.0681355	6226432	131.369	-1
485.014	460.189	2.04768	0.0707749	9503231	258.945	-1
485.014	460.189	2.04768	0.0707749	9503231	188.356	-1
483.882	545.524	2.00029	0.0979566	7799295	184.512	-1
483.811	542.795	1.88252	0.107848	3408383	175.483	-1
483.811	542.795	1.88252	0.107848	3408383	6.85223	-1
482.461	717.258	1.90486	0.073358	4260351	266.613	-1
482.194	612.698	15.1392	0.0522673	3801346	92.6214	-1
482.194	612.698	15.1392	0.0522673	3801346	10.9673	-1
481.487	905.168	10.2301	0.061774	8847873	127.201	-1
480.932	544.757	2.17839	0.0762157	13959679	8.98199	-1
256.099	223.24	101.232	0.0778707	7537412	181.333	-1
256.099	223.24	101.232	0.0778707	7537412	264.687	-1
480.929	459.415	4.66128	0.0765776	2163200	88.5344	-1
480.567	544.102	2.58014	0.0770299	9503487	165.411	-1
480.567	544.102	2.58014	0.0770299	9503487	14.9729	-1
480.543	476.918	3.85232	0.0942695	5046528	356.614	-1
480.543	476.918	3.85232	0.0942695	5046528	184.407	-1
480.068	712.672	3.8761	0.05615	5505280	267.262	-1
480.068	712.672	3.8761	0.05615	5505280	40.5464	-1
479.04	847.945	3.06237	0.0636854	5178367	163.467	-1
478.673	624.493	4.58131	0.0557599	918016	128.669	-1
477.084	460.882	2.32737	0.0722284	2032383	352.233	-1
474.478	458.083	2.23649	0.098948	15860223	273.093	-1
474.478	458.083	2.23649	0.098948	15860223	83.7801	-1
473.314	379.621	4.84284	0.0655848	4915712	110.766	-1
472.522	543.292	8.85126	0.0534865	15073537	270.481	-1
472.522	543.292	8.85126	0.0534865	15073537	87.3921	-1
471.878	546.375	2.66882	0.096464	11928319	316.272	-1
468.591	458.808	2.32813	0.0993544	2032383	294.308	-1
259.835	731.492	8.26437	0.0587922	10158337	65.3399	-1
259.835	731.492	8.26437	0.0587922	10158337	192.635	-1
467.98	471.313	4.82449	0.0810742	4653568	134.853	-1
467.446	478.415	2.20536	0.0763666	14877183	233.741	-1
466.846	592.051	6.19949	0.0547332	6030080	49.8956	-1
465.603	539.655	3.07887	0.103786	5571583	126.74	-1
464.816	498.751	2.36093	0.0972796	3080959	296.206	-1
464.788	318.322	7.95751	0.0811773	7405825	353.979	-1
464.788	318.322	7.95751	0.0811773	7405825	204.601	-1
464.624	462.238	3.88309	0.0744684	5636352	127.795	-1
464.377	913.904	7.42569	0.0584677	2425089	37.7483	-1
463.699	475.025	4.00157	0.0752485	7799040	307.525	-1
462.858	850.269	3.05253	0.0829753	4916223	116.515	-1
461.895	545.844	2.14563	0.0784842	12845567	159.48	-1
460.935	502.278	3.83096	0.0742937	4653312	127.776	-1
460.836	662.138	4.39104	0.0534676	14549248	54.3245	-1
460.302	465.92	4.73022	0.0837129	3211776	320.046	-1
460.176	514.988	3.99804	0.0726461	7733504	309.214	-1
459.863	365.221	7.24623	0.0774393	655617	26.0598	-1
459.656	548.476	2.31154	0.1049	1573631	317.585	-1
459.44	717.342	2.51817	0.0703854	7734015	344.569	-1
459.44	717.342	2.51817	0.0703854	7734015	171.038	-1
263.3	386.542	7.93336	0.0879821	7209217	95.9392	-1
458.909	479.037	2.66219	0.100505	11731711	286.311	-1
263.421	784.089	7.98057	0.05732	7602433	179.121	-1
263.421	784.089	7.98057	0.05732	7602433	340.976	-1
458.909	479.037	2.66219	0.100505	11731711	122.908	-1
456.943	506.272	4.71933	0.0816567	3015168	322.535	-1
456.858	849.09	2.10005	0.0940183	11338239	195.958	-1
456.858	849.09	2.10005	0.0940183	11338239	82.9165	-1
456.463	720.3	2.32311	0.0613302	1901311	259.472	-1
456.463	720.3	2.32311	0.0613302	1901311	170.56	-1
456.395	864.893	2.98687	0.0636543	3343359	295.626	-1
456.395	864.893	2.98687	0.0636543	3343359	65.8043	-1
456.179	539.896	3.00769	0.0991532	3867647	155.982	-1
456.179	539.896	3.00769	0.0991532	3867647	22.6221	-1
266.079	738.312	5.89446	0.0560637	2425600	61.9114	-1
456.031	471.72	5.91351	0.0660249	2622208	158.567	-1
455.665	548.311	2.63175	0.0724784	10945279	317.438	-1
455.487	477.821	2.15679	0.0639313	13238783	160.168	-1
454.993	687.034	1.95956	0.0625273	6291967	96.8539	-1
454.993	687.034	1.95956	0.0625273	6291967	45.1118	-1
453.427	684.323	5.08547	0.0617395	8454656	98.0404	-1
452.482	251.57	1.80602	0.102611	393727	247.41	-1
452.08	501.595	2.50701	0.0527802	7406335	10.6589	-1
451.046	870.829	4.74889	0.0662966	3473920	90.8904	-1
450.797	477.895	4.19954	0.0957189	11337984	324.487	-1
450.797	477.895	4.19954	0.0957189	11337984	160.109	-1
450.131	542.683	3.67736	0.0527062	1704192	26.1283	-1
449.633	498.65	2.33245	0.10012	2163455	93.4131	-1
449.172	504.602	5.3198	0.0652427	11665920	184.784	-1
449.016	816.721	19.1518	0.0574203	4063746	15.572	-1
448.766	911.318	15.7481	0.0678163	6619394	230.384	-1
448.439	329.618	6.13367	0.0675868	5309184	272.126	-1
448.05	560.437	1.90583	0.106301	4325887	178.385	-1
268.181	392.716	3.57016	0.0771597	16253951	139.976	-1
268.181	392.716	3.57016	0.0771597	16253951	289.652	-1
448.05	560.437	1.90583	0.106301	4325887	4.71613	-1
447.17	546.302	2.301	0.105732	1245951	18.3447	-1
447.063	862.648	2.18999	0.0564739	14352895	108.071	-1
268.903	537.857	66.8968	0.0659274	11010308	170.342	-1
447.063	862.648	2.18999	0.0564739	14352895	62.2603	-1
446.768	858.994	5.74775	0.0683823	590592	262.999	-1
446.699	501.458	2.16714	0.068797	13566463	183.783	-1
445.354	475.462	2.21293	0.0630871	15073791	331.496	-1
444.793	788.282	2.51125	0.0589277	7537407	305.433	-1
444.422	344.203	12.9548	0.0786388	9241345	122.834	-1
443.897	461.553	5.18277	0.0948916	9830912	153.937	-1
443.491	567.425	3.39143	0.0721226	12583935	170.538	-1
443.334	855.572	1.83969	0.0699784	1769983	271.728	-1
443.131	850.221	1.99742	0.083692	7668223	24.8567	-1
443.13	477.296	5.0343	0.0590404	7733760	318.555	-1
443.12	852.109	3.22771	0.086031	8979455	263.06	-1
443.12	852.109	3.22771	0.086031	8979455	32.6459	-1
271.312	455.619	3.20809	0.0866448	8520703	1.67346	-1
271.312	455.619	3.20809	0.0866448	8520703	166.544	-1
442.97	870.648	3.14805	0.0575642	7144447	260.05	-1
442.729	546.159	3.41291	0.0746	13042687	171.401	-1
442.685	469.425	2.92389	0.105042	1836031	345.005	-1
272.583	464.189	4.31861	0.0667699	13304064	357.076	-1
442.499	840.054	1.85776	0.0691476	2425343	177.824	-1
442.432	500.814	5.30882	0.0802008	11534848	349.881	-1
442.432	500.814	5.30882	0.0802008	11534848	189.3	-1
273.238	473.351	3.45872	0.0830308	13960191	173.915	-1
273.238	473.351	3.45872	0.0830308	13960191	347.608	-1
273.779	381.861	4.96351	0.0731247	6685184	26.3747	-1
273.779	381.861	4.96351	0.0731247	6685184	108.077	-1
442.432	500.814	5.30882	0.0802008	11534848	90.1152	-1
274.33	257.514	2.19225	0.069822	14418431	147.695	-1
274.33	257.514	2.19225	0.069822	14418431	333.522	-1
442.411	517.803	4.39925	0.101354	14680320	356.259	-1
441.567	358.427	7.62595	0.0840551	4325633	114.123	-1
441.254	335.867	5.99338	0.0652685	3605248	275.264	-1
275.035	461.481	1.84402	0.0604344	1901055	166.428	-1
441.254	335.867	5.99338	0.0652685	3605248	204.388	-1
439.635	475.36	2.11112	0.0625544	11665919	255.519	-1
439.635	475.36	2.11112	0.0625544	11665919	204.421	-1
439.554	569.452	2.70424	0.0987506	12911359	324.92	-1
439.554	569.452	2.70424	0.0987506	12911359	165.205	-1
439.446	851.527	2.06708	0.095661	10158591	24.6716	-1
439.185	560.92	2.50164	0.112135	7275263	176.472	-1
438.325	501.582	2.20229	0.0705079	14746111	352.739	-1
438.325	501.582	2.20229	0.0705079	14746111	274.359	-1
438.143	323.43	10.6812	0.0638204	11993601	349.458	-1
437.676	408.016	6.26956	0.0572053	6882048	190.036	-1
276.981	388.633	6.40853	0.0670053	8454912	211.999	-1
276.981	388.633	6.40853	0.0670053	8454912	262.166	-1
437.244	303.739	2.43002	0.0749594	5178111	136.888	-1
437.244	303.739	2.43002	0.0749594	5178111	27.312	-1
437.072	841.993	2.62177	0.0808934	10683135	273.222	-1
437.002	892.593	14.9021	0.0625823	2621698	230.832	-1
437.002	892.593	14.9021	0.0625823	2621698	27.2998	-1
436.706	846.116	3.43231	0.0557275	13435903	272.192	-1
277.846	459.549	4.64372	0.0593527	1835520	22.067	-1
277.846	459.549	4.64372	0.0593527	1835520	149.173	-1
436.683	565.523	7.99897	0.0566124	7799041	267.787	-1
435.858	349.12	6.0036	0.0726986	3736320	102.158	-1
435.784	850.427	2.36483	0.068538	3212031	157.541	-1
435.784	850.427	2.36483	0.068538	3212031	119.478	-1
278.807	469.21	4.74866	0.0633434	3473920	338.578	-1
435.62	373.963	12.2157	0.0834816	4981505	243.561	-1
435.62	373.963	12.2157	0.0834816	4981505	201.278	-1
279.789	272.523	3.06115	0.0744162	5178367	151.553	-1
279.789	272.523	3.06115	0.0744162	5178367	322.297	-1
279.816	583.571	1.94663	0.0563632	5833215	35.99	-1
435.547	547.782	1.85609	0.0792209	2359807	323.275	-1
435.547	547.782	1.85609	0.0792209	2359807	186.571	-1
435.475	505.477	5.86397	0.0634901	2032384	352.789	-1
435.461	505.527	5.93181	0.06301	2884352	353.935	-1
435.21	555.206	6.55367	0.052801	10093312	269.598	-1
435.21	555.206	6.55367	0.052801	10093312	92.8437	-1
434.993	349.572	5.45903	0.0728563	13566464	97.294	-1
434.982	479.299	2.47545	0.104661	6488831	206.11	-1
281.273	467.453	2.06095	0.0622722	9961983	346.694	-1
434.982	479.299	2.47545	0.104661	6488831	16.3539	-1
281.288	821.776	19.2162	0.0571333	4325890	188.383	-1
281.388	898.474	39.0852	0.0772261	5571075	117.963	-1
281.388	898.474	39.0852	0.0772261	5571075	175.858	-1
434.931	404.894	1.92925	0.0887782	5177855	136.908	-1
434.387	543.003	2.72071	0.0657054	13304575	15.116	-1
433.845	853.124	2.05083	0.0552664	9568767	322.491	-1
433.845	853.124	2.05083	0.0552664	9568767	158.62	-1
432.177	841.989	2.0364	0.0747668	9110015	71.2089	-1
431.997	501.164	2.62902	0.0573756	10879743	180.485	-1
431.192	407.242	2.91239	0.0978815	1573887	92.6961	-1
430.416	587.941	3.40883	0.063202	12911615	110.312	-1
430.416	587.941	3.40883	0.063202	12911615	73.2908	-1
429.41	590.148	6.71945	0.0642235	11862784	105.953	-1
283.634	456.945	3.37481	0.0841865	12190719	3.14801	-1
283.634	456.945	3.37481	0.0841865	12190719	167.751	-1
283.703	464.465	4.00711	0.0613656	7930112	170.191	-1
429.41	590.148	6.71945	0.0642235	11862784	53.2447	-1
428.88	565.895	3.81293	0.0973776	4325632	359.48	-1
428.88	565.895	3.81293	0.0973776	4325632	178.473	-1
428.549	499.441	2.78549	0.101316	15008511	178.901	-1
428.549	499.441	2.78549	0.101316	15008511	3.33136	-1
428.246	544.725	4.09786	0.0781562	9502976	182.512	-1
428.032	404.615	1.99011	0.0952871	7406079	81.5222	-1
428.032	404.615	1.99011	0.0952871	7406079	18.5948	-1
285.878	474.617	3.39208	0.0843859	12583935	173.733	-1
285.878	474.617	3.39208	0.0843859	12583935	345.596	-1
428.01	366.555	1.92391	0.0595079	4981247	225.614	-1
427.196	410.384	2.54169	0.0898082	8389375	9.91989	-1
427.103	313.707	6.41548	0.0698676	8520448	347.332	-1
427.098	841.402	2.09334	0.0746912	11076095	129.354	-1
426.745	315.001	7.54323	0.0687627	3539201	348.366	-1
424.754	810.574	10.1159	0.0623066	8061441	19.6208	-1
424.578	570.841	2.56044	0.100961	8913663	274.089	-1
287.439	584.05	5.83714	0.0675584	1704704	74.4822	-1
287.439	584.05	5.83714	0.0675584	1704704	117.616	-1
424.45	561.309	2.75547	0.106481	14222079	3.52859	-1
424.424	516.441	1.91238	0.0529703	4522495	35.0615	-1
424.071	547.851	2.59478	0.0946564	9896703	312.131	-1
424.071	547.851	2.59478	0.0946564	9896703	165.1	-1
423.534	592.008	2.42968	0.0528338	5178111	42.7457	-1
423.408	354.601	3.84423	0.0910445	4915456	64.6314	-1
421.798	290.939	4.10987	0.0845332	9765120	276.642	-1
421.528	411.067	4.41406	0.0532146	14876928	192.119	-1
421.528	411.067	4.41406	0.0532146	14876928	8.79001	-1
420.076	834.8	5.10751	0.0531116	8782336	89.8392	-1
418.932	571.04	2.39092	0.108588	3998463	318.132	-1
418.007	347.59	6.25153	0.0847694	6685440	12.0984	-1
417.831	389.772	5.95647	0.0643572	3146496	297.064	-1
417.32	548.452	3.04818	0.101864	4850687	310.914	-1
289.58	774.799	1.85471	0.0526085	2359807	120.139	-1
416.473	415.581	1.84221	0.106081	1835519	353.849	-1
416.473	415.581	1.84221	0.106081	1835519	189.643	-1
416.315	841.882	2.34283	0.0571621	2491135	260.771	-1
416.053	298.731	6.4949	0.0664682	9437952	84.8961	-1
415.982	342.94	2.42073	0.0857464	4850431	119.728	-1
415.982	342.94	2.42073	0.0857464	4850431	13.067	-1
415.672	410.594	2.16661	0.0802517	13566463	71.7302	-1
415.267	308.253	8.43102	0.0774748	11600129	83.3143	-1
415.217	562.192	3.03059	0.107725	4391935	151.836	-1
415.217	562.192	3.03059	0.107725	4391935	25.7924	-1
291.634	911.082	19.8496	0.0770562	6685186	113.848	-1
414.296	315.484	2.33936	0.0726933	2425599	337.791	-1
414.047	853.25	3.02711	0.0538255	4326399	180.593	-1
414.047	853.25	3.02711	0.0538255	4326399	18.0761	-1
412.649	516.568	4.62448	0.091944	1573376	314.483	-1
293.102	295.865	4.33526	0.052272	13631744	166.52	-1
412.649	516.568	4.62448	0.091944	1573376	163.973	-1
412.498	413.545	3.10094	0.0683839	6095871	331.159	-1
293.84	776.534	2.08343	0.064747	10748415	104.792	-1
293.84	776.534	2.08343	0.064747	10748415	160.949	-1
412.498	413.545	3.10094	0.0683839	6095871	218.068	-1
412.379	605.156	3.81431	0.0590623	4325632	80.8545	-1
412.223	567.961	2.00954	0.0844139	8126975	23.5234	-1
411.951	943.344	8.9079	0.0834191	15532289	83.1368	-1
411.707	500.615	4.4374	0.102161	15270144	177.552	-1
411.204	885.842	17.4827	0.0651051	14221570	287.35	-1
411.204	885.842	17.4827	0.0651051	14221570	144.492	-1
411.204	885.842	17.4827	0.0651051	14221570	25.5728	-1
411.106	836.505	3.85134	0.0587013	5046528	61.7334	-1
296.858	794.542	2.13221	0.0673634	12386815	139.329	-1
296.858	794.542	2.13221	0.0673634	12386815	298.033	-1
410.526	404.504	1.91534	0.0799259	4653567	222.463	-1
296.994	728.919	12.5192	0.0532934	6750977	214.892	-1
296.994	728.919	12.5192	0.0532934	6750977	346.466	-1
410.526	404.504	1.91534	0.0799259	4653567	81.1784	-1
297.071	848.465	9.5581	0.0578322	3932673	320.621	-1
409.798	541.027	3.41069	0.108788	12977151	131.178	-1
409.555	410.213	2.32663	0.0823013	2032383	10.3915	-1
408.719	312.748	4.65639	0.0632467	2032128	315.425	-1
408.164	765.664	5.81057	0.0616609	1377024	5.68893	-1
406.911	381.139	3.9236	0.0763682	6357248	79.1684	-1
406.911	381.139	3.9236	0.0763682	6357248	18.95	-1
406.722	813.326	12.7686	0.0523955	8192769	336.606	-1
406.722	813.326	12.7686	0.0523955	8192769	174.605	-1
406.414	842.624	1.94958	0.0594803	5964287	90.571	-1
406.097	547.363	2.20196	0.0829527	14746111	159.079	-1
405.398	562.783	3.24089	0.105623	9307135	167.069	-1
404.339	793.11	8.5836	0.0673848	12845313	191.945	-1
404.14	589.54	20.7843	0.0628997	10027522	92.5906	-1
301.44	796.009	2.3612	0.0780326	3080959	127.951	-1
403.654	549.648	2.47564	0.104193	6488831	316.621	-1
301.856	595.082	2.15431	0.0652796	13173247	32.5067	-1
403.384	569.815	2.1054	0.0845382	11469311	345.276	-1
403.384	569.815	2.1054	0.0845382	11469311	211.267	-1
402.859	864.406	1.86152	0.0751805	2621951	37.8811	-1
401.998	499.433	2.58116	0.103093	9503487	176.961	-1
302.358	792.146	3.24168	0.0615797	9307135	124.458	-1
302.358	792.146	3.24168	0.0615797	9307135	306.623	-1
401.998	499.433	2.58116	0.103093	9503487	3.40152	-1
401.792	544.132	2.12532	0.0680349	12190207	159.861	-1
401.641	852.211	3.05725	0.0638735	5047295	342.328	-1
401.413	407.141	2.46214	0.0845999	6095615	261.023	-1
401.413	407.141	2.46214	0.0845999	6095615	98.3212	-1
401.329	471.151	5.03478	0.0850055	7733760	351.47	-1
401.329	471.151	5.03478	0.0850055	7733760	162.042	-1
400.97	372.363	13.4881	0.0668073	12124929	177.479	-1
400.97	372.363	13.4881	0.0668073	12124929	11.594	-1
400.834	604.433	3.05588	0.0668541	5047295	70.6169	-1
303.6	928.047	5.09697	0.0526865	8585728	117.547	-1
304.044	800.665	2.1699	0.0524521	13697535	312	-1
304.911	794.343	2.82535	0.0584442	16057087	127.7	-1
304.911	794.343	2.82535	0.0584442	16057087	307.116	-1
400.757	895.49	4.24931	0.0534051	12189952	212.636	-1
400.757	895.49	4.24931	0.0534051	12189952	124.274	-1
400.597	563.886	2.92549	0.0849136	1901567	145.325	-1
400.555	565.329	2.02776	0.0843396	8782335	147.608	-1
400.464	291.439	14.9267	0.0600619	2752770	157.298	-1
400.464	291.439	14.9267	0.0600619	2752770	77.4971	-1
400.013	863.868	2.03384	0.0796913	8978943	38.6209	-1
399.978	540.807	3.04587	0.106765	4785151	154.109	-1
399.864	516.622	5.30095	0.0958219	11469312	313.169	-1
399.85	570.143	2.70374	0.100413	12911359	321.917	-1
399.85	570.143	2.70374	0.100413	12911359	214.898	-1
399.486	549.402	2.61815	0.074798	10552063	316.542	-1
399.276	510.258	2.13421	0.0816547	12452351	132.627	-1
399.276	510.258	2.13421	0.0816547	12452351	3.46594	-1
399.243	834.255	7.72469	0.056157	5243137	57.063	-1
398.585	478.643	4.12476	0.097327	10027264	310.123	-1
398.585	478.643	4.12476	0.097327	10027264	152.421	-1
307.187	798.899	2.81627	0.0896836	15860479	301.688	-1
307.463	806.852	7.05931	0.0571854	15467264	115.492	-1
397.899	470.346	1.88353	0.0706782	3473919	153.065	-1
397.468	765.833	7.65576	0.0648983	4587777	108.229	-1
397.468	765.833	7.65576	0.0648983	4587777	1.19281	-1
397.052	857.889	4.62956	0.0572325	1638912	327.075	-1
397.052	857.889	4.62956	0.0572325	1638912	232.444	-1
308.402	389.108	4.50175	0.0629357	16318720	212.044	-1
308.402	389.108	4.50175	0.0629357	16318720	306.878	-1
396.987	415.892	2.22533	0.0994313	15532543	272.952	-1
396.987	415.892	2.22533	0.0994313	15532543	6.58173	-1
396.958	546.596	2.04875	0.0880845	9503231	21.5914	-1
396.494	569.905	1.91358	0.0861925	4588031	327.392	-1
395.951	563.049	3.31433	0.107244	10879999	145.242	-1
309.378	545.55	1.79905	0.0983252	131583	353.549	-1
309.557	829.946	17.0979	0.0676631	12583170	357.509	-1
395.951	563.049	3.31433	0.107244	10879999	10.3593	-1
395.274	550.1	1.81841	0.105654	918015	214.674	-1
395.274	550.1	1.81841	0.105654	918015	17.2404	-1
394.443	408.043	3.27762	0.0762533	10093567	7.54013	-1
392.995	863.809	1.90938	0.0687097	4456959	153.825	-1
392.945	464.157	3.99214	0.103754	7667968	359.152	-1
392.945	464.157	3.99214	0.103754	7667968	179.312	-1
392.621	399.014	293.073	0.0956144	852486	173.334	-1
310.85	790.941	2.02978	0.0623456	8847871	115.423	-1
310.85	790.941	2.02978	0.0623456	8847871	162.791	-1
310.85	790.941	2.02978	0.0623456	8847871	285.796	-1
392.554	381.036	4.85637	0.0708784	5112320	178.781	-1
392.554	381.036	4.85637	0.0708784	5112320	99.0167	-1
392.436	852.893	3.64552	0.0673669	1048832	233.3	-1
391.671	475.139	2.1179	0.0850925	11928063	181.759	-1
391.083	548.247	3.70994	0.0683735	2359552	221.598	-1
390.882	404.965	2.49376	0.0904148	7013119	89.4541	-1
390.613	704.841	5.33631	0.0540337	11928064	107.667	-1
390.613	704.841	5.33631	0.0540337	11928064	67.4827	-1
390.524	472.356	10.9542	0.0663375	13828609	354.99	-1
390.417	301.994	5.82333	0.0746567	1508096	71.6945	-1
389.286	324.755	4.98636	0.060231	7012864	144.565	-1
312.493	591.237	6.03086	0.0608551	4064000	53.9549	-1
312.493	591.237	6.03086	0.0608551	4064000	105.726	-1
313.14	292.908	6.19724	0.0548897	6030080	278.246	-1
313.14	292.908	6.19724	0.0548897	6030080	324.724	-1
389.231	319.062	1.90179	0.0566033	4129279	218.368	-1
313.787	810.636	7.31239	0.0592283	1310977	117.444	-1
389.034	547.414	2.01946	0.0720014	8454655	188.303	-1
388.97	566.122	5.40404	0.0580093	12845568	158.775	-1
388.807	541.934	1.93482	0.121153	5374463	180.511	-1
388.807	541.934	1.93482	0.121153	5374463	0.318634	-1
314.187	546.007	1.93661	0.0888154	5439999	308.823	-1
388.754	604.139	8.03268	0.067089	8061185	87.3046	-1
387.828	542.5	6.65481	0.0854978	11207424	96.8249	-1
314.413	802.664	3.19475	0.0650561	8258559	297.595	-1
387.702	478.767	3.96149	0.100148	7078144	354.521	-1
387.685	945.876	5.55567	0.0675275	14811648	91.878	-1
386.661	508.974	2.42416	0.0831243	4981503	311.935	-1
315.885	540.666	3.62837	0.0753912	721152	167.395	-1
386.074	549.77	2.63164	0.114658	10945279	355.204	-1
315.928	668.193	14.0721	0.057544	15205121	46.7849	-1
315.928	668.193	14.0721	0.057544	15205121	93.3175	-1
315.928	668.193	14.0721	0.057544	15205121	279.256	-1
315.928	668.193	14.0721	0.057544	15205121	329.105	-1
386.074	549.77	2.63164	0.114658	10945279	194.619	-1
385.949	540.127	2.55617	0.0993968	8848127	4.17999	-1
385.864	409.784	3.8729	0.0667422	5439744	5.73981	-1
385.705	502.69	5.82924	0.0940382	1573632	130.053	-1
316.075	459.106	3.0432	0.0746459	4719615	3.87756	-1
316.075	459.106	3.0432	0.0746459	4719615	133.629	-1
385.544	851.646	2.22998	0.0638444	15663615	339.929	-1
385.544	851.646	2.22998	0.0638444	15663615	200.819	-1
384.564	571.366	2.65721	0.111806	11600639	315.245	-1
384.564	571.366	2.65721	0.111806	11600639	162.876	-1
317.085	478.387	2.00556	0.0912596	7995903	173.51	-1
317.085	478.387	2.00556	0.0912596	7995903	347.614	-1
317.129	461.314	4.43904	0.0730917	15335680	137.693	-1
383.58	519.777	2.65196	0.10674	11469567	357.376	-1
383.58	519.777	2.65196	0.10674	11469567	183.194	-1
382.864	828.138	191.527	0.0640918	3539717	161.575	-1
382.864	828.138	191.527	0.0640918	3539717	22.8488	-1
318.197	934.001	8.75914	0.0620261	14352641	112.439	-1
382.034	337.69	5.11757	0.0942128	8913408	191.283	-1
318.643	789.765	2.75914	0.0734977	14353151	289.087	-1
318.643	789.765	2.75914	0.0734977	14353151	357.469	-1
318.983	543.407	1.79944	0.0772027	131583	20.7029	-1
382.034	337.69	5.11757	0.0942128	8913408	2.17535	-1
381.937	379.138	12.3906	0.0766419	6030081	270.571	-1
381.333	395.409	10.0135	0.0655753	7340545	271.067	-1
381.118	390.323	5.15314	0.058713	9372160	289.708	-1
381.118	390.323	5.15314	0.058713	9372160	243.951	-1
320.709	381.73	4.773	0.0786389	3867136	34.9387	-1
320.79	545.987	2.15592	0.0776593	13238783	325.243	-1
381.009	784.431	19.0762	0.0649263	3801602	24.2135	-1
380.769	318.633	12.1621	0.0707507	4653825	7.32782	-1
380.758	545.039	4.78288	0.0534836	3998208	1.28568	-1
321.358	538.08	2.65984	0.0953978	11666175	22.0271	-1
321.358	538.08	2.65984	0.0953978	11666175	155.905	-1
380.696	562.634	3.11853	0.107878	6489087	153.574	-1
321.795	592.294	2.3629	0.063464	3146495	132.033	-1
380.696	562.634	3.11853	0.107878	6489087	25.0892	-1
380.613	369.642	2.05119	0.076484	9634303	12.41	-1
380.097	571.201	2.64092	0.0742647	11207423	314.436	-1
379.498	364.404	5.04984	0.092795	7930368	11.4645	-1
379.129	515.137	3.96364	0.0714227	7143680	159.569	-1
379.118	852.724	3.29763	0.0669832	10552319	284.942	-1
378.876	407.162	2.52276	0.0959272	7865087	295.899	-1
378.876	407.162	2.52276	0.0959272	7865087	113.517	-1
323.296	543.862	2.32803	0.0745571	2032383	158.227	-1
378.633	413.599	2.65092	0.0915258	11469567	294.645	-1
378.35	601.43	2.24083	0.0564773	15991295	66.8121	-1
378.333	599.937	4.22239	0.0551998	11665664	98.0984	-1
378.333	599.937	4.22239	0.0551998	11665664	75.4982	-1
378.331	600.514	3.45517	0.0559358	13894655	70.2816	-1
378.164	817.81	15.4582	0.0623352	5308674	131.758	-1
324.58	859.264	1.83803	0.0863778	1704447	199.616	-1
324.58	859.264	1.83803	0.0863778	1704447	345.782	-1
377.995	305.816	4.69596	0.0725547	2687488	23.0437	-1
324.859	547.338	2.03827	0.0958579	9175551	326.478	-1
377.729	294.862	5.0781	0.0643118	8323584	8.67322	-1
376.639	294.282	6.24373	0.0648631	6554368	338.622	-1
376.639	294.282	6.24373	0.0648631	6554368	296.544	-1
376.639	294.282	6.24373	0.0648631	6554368	19.8407	-1
375.627	852.504	1.85921	0.0738048	2490879	350.716	-1
375.599	587.912	19.9203	0.0594056	6947330	99.9499	-1
375.364	539.926	1.83774	0.113147	1638911	293.77	-1
375.364	539.926	1.83774	0.113147	1638911	115.194	-1
328.052	517.327	3.50698	0.0931269	15008767	1.5722	-1
328.052	517.327	3.50698	0.0931269	15008767	184.84	-1
328.074	517.052	3.62911	0.091693	721152	191.838	-1
328.074	517.052	3.62911	0.091693	721152	357.831	-1
375.321	548.516	3.19446	0.115501	8258559	184.974	-1
328.583	498.629	3.50212	0.077788	14877695	2.64484	-1
328.78	509.285	4.02093	0.0649636	8192256	0.735199	-1
375.321	548.516	3.19446	0.115501	8258559	27.593	-1
374.719	518.785	4.25168	0.0995909	12189952	322.006	-1
374.719	518.785	4.25168	0.0995909	12189952	161.721	-1
373.315	850.336	2.11973	0.0804406	11993599	344.773	-1
373.2	410.425	2.54468	0.0791855	8520447	192.374	-1
372.295	513.342	5.09623	0.0795048	8585728	159.356	-1
329.827	806.232	3.33228	0.0667381	11273215	96.8514	-1
372.254	367.263	5.91009	0.0780432	2622208	359.58	-1
371.928	548.761	2.18516	0.0738384	14156287	12.6384	-1
370.907	851.918	1.95379	0.0810896	6095359	345.364	-1
330.046	476.017	4.74951	0.0750891	3473920	317.125	-1
370.907	851.918	1.95379	0.0810896	6095359	152.934	-1
330.12	802.942	1.99865	0.0527112	7733759	96.2502	-1
330.173	391.462	4.83185	0.0609601	4719104	248.209	-1
330.173	391.462	4.83185	0.0609601	4719104	289.887	-1
330.174	712.76	6.21019	0.0538303	6161152	142.416	-1
330.174	712.76	6.21019	0.0538303	6161152	156.656	-1
370.848	380.886	5.41272	0.0758551	12976640	70.4193	-1
370.848	380.886	5.41272	0.0758551	12976640	14.8164	-1
370.821	459.392	2.55231	0.102547	8717055	205.268	-1
370.821	459.392	2.55231	0.102547	8717055	32.8827	-1
370.69	545.394	4.04033	0.0798949	8519936	183.255	-1
369.867	562.95	1.87398	0.10374	3080703	129.926	-1
331.158	849.999	3.72443	0.0553241	2621696	269.956	-1
369.369	570.003	2.07105	0.10214	10289663	309.025	-1
369.154	898.94	7.13461	0.0666152	16188160	31.9928	-1
331.526	479.54	2.46575	0.0772859	6226687	183.576	-1
331.526	479.54	2.46575	0.0772859	6226687	312.741	-1
369.079	516.454	2.47906	0.0657881	6619903	332.265	-1
368.232	842.172	2.35682	0.0611679	2949887	268.339	-1
368.232	842.172	2.35682	0.0611679	2949887	99.3319	-1
367.672	502.44	5.28789	0.0957313	11272704	154.184	-1
367.672	565.027	2.61628	0.0911355	10486527	312.485	-1
331.822	381.933	9.099	0.0703425	393729	30.2908	-1
331.822	381.933	9.099	0.0703425	393729	271.44	-1
367.651	602.151	3.96843	0.0550848	7209216	102.916	-1
367.226	711.773	7.79893	0.0641906	5964033	102.334	-1
332.15	506.286	2.22625	0.0851081	15532543	177.355	-1
332.209	319.397	11.285	0.084016	15925761	203.245	-1
332.209	319.397	11.285	0.084016	15925761	345.22	-1
332.34	501.121	2.41429	0.0865941	4719359	184.159	-1
332.34	501.121	2.41429	0.0865941	4719359	342.046	-1
367.226	711.773	7.79893	0.0641906	5964033	37.838	-1
367.14	298.17	13.6225	0.0546474	12845825	13.7952	-1
332.928	303.55	6.04913	0.0896786	4260608	30.0896	-1
332.928	303.55	6.04913	0.0896786	4260608	158.603	-1
367.066	852.155	3.23993	0.0805439	9241599	277.155	-1
366.989	518.099	5.05377	0.0602031	7995904	317.413	-1
366.433	510.204	2.93316	0.106373	2032639	342.793	-1
365.957	405.357	2.43202	0.105014	5243647	33.0033	-1
365.829	568.291	3.01747	0.0783892	4129791	313.101	-1
365.829	568.291	3.01747	0.0783892	4129791	156.833	-1
334.94	508.294	2.78046	0.0725191	14877439	251.775	-1
334.996	543.379	4.96696	0.0548696	6750720	12.5378	-1
334.996	543.379	4.96696	0.0548696	6750720	179.331	-1
364.925	933.636	23.4116	0.0789905	1901314	98.5916	-1
364.766	465.507	1.87793	0.082884	3211775	146.331	-1
364.766	465.507	1.87793	0.082884	3211775	32.6569	-1
363.535	541.208	2.03277	0.07349	8978943	175.362	-1
363.535	541.208	2.03277	0.07349	8978943	36.6389	-1
363.45	516.068	2.04851	0.0645433	9503231	257.818	-1
363.45	516.068	2.04851	0.0645433	9503231	208.348	-1
363.39	478.369	4.68925	0.10336	2556416	349.569	-1
363.39	478.369	4.68925	0.10336	2556416	187.522	-1
363.192	470.235	6.01505	0.0802043	3867392	341.084	-1
363.192	470.235	6.01505	0.0802043	3867392	190.682	-1
362.029	513.089	3.26235	0.0819611	9765887	20.5527	-1
336.858	513.623	6.37457	0.0544775	8061696	347.151	-1
361.565	601.523	1.95278	0.0561604	6029823	136.744	-1
361.565	601.523	1.95278	0.0561604	6029823	55.4964	-1
360.994	853.894	2.22804	0.0845951	15598079	267.59	-1
360.025	839.818	1.91088	0.0611376	4456959	138.385	-1
360.025	839.818	1.91088	0.0611376	4456959	45.8829	-1
339.377	844.677	3.53163	0.0590148	15467519	91.8293	-1
339.377	844.677	3.53163	0.0590148	15467519	292.115	-1
359.941	408.244	3.03021	0.0694604	4391935	162.836	-1
339.461	839.847	2.1847	0.0608124	14156287	110.605	-1
339.461	839.847	2.1847	0.0608124	14156287	293.741	-1
339.489	842.929	1.91627	0.0575576	4719103	303.875	-1
339.492	480.296	2.14718	0.0705093	12911103	275.056	-1
359.941	408.244	3.03021	0.0694604	4391935	31.226	-1
359.882	548.598	2.97538	0.0953154	3081215	312.441	-1
340.002	723.117	8.14725	0.0531649	9109761	131.331	-1
340.06	848.749	2.01633	0.0911192	8389119	95.3305	-1
340.173	364.524	9.7001	0.0848361	4981249	30.6143	-1
359.246	850.108	1.88441	0.0833041	3473919	355.235	-1
359.246	850.108	1.88441	0.0833041	3473919	333.452	-1
340.661	596.414	19.175	0.0607573	4194818	71.1119	-1
340.661	596.414	19.175	0.0607573	4194818	133.114	-1
358.987	562.263	2.86861	0.092269	459775	152.462	-1
358.911	519.909	2.50374	0.100665	7340799	206.04	-1
358.911	519.909	2.50374	0.100665	7340799	20.6451	-1
358.65	570.541	2.47112	0.067129	6357759	318.239	-1
340.97	460.488	4.35888	0.0810289	14024960	98.0974	-1
340.989	478.617	4.3149	0.084079	13238528	172.604	-1
340.989	478.617	4.3149	0.084079	13238528	271.024	-1
340.989	478.617	4.3149	0.084079	13238528	355.594	-1
358.611	415.806	2.3137	0.104497	1639167	334.909	-1
358.611	415.806	2.3137	0.104497	1639167	226.338	-1
341.355	469.238	5.01989	0.0673584	7471616	359.918	-1
357.939	371.165	15.9166	0.0534687	7405826	185.96	-1
342.213	943.913	2.38876	0.0534701	3932927	100.224	-1
342.33	381.716	6.18078	0.0720852	5833472	99.3462	-1
342.33	381.716	6.18078	0.0720852	5833472	168.579	-1
342.33	381.716	6.18078	0.0720852	5833472	220.635	-1
342.343	841.527	2.99075	0.0623428	3474431	294.442	-1
357.939	371.165	15.9166	0.0534687	7405826	2.81665	-1
343.038	845.986	2.92584	0.0550852	1901567	87.8933	-1
343.152	520.053	1.96555	0.070021	6554111	356.867	-1
343.207	539.999	2.75658	0.0888096	14287615	20.9865	-1
343.207	539.999	2.75658	0.0888096	14287615	155.127	-1
357.775	460.841	4.44927	0.0990112	15466752	331.528	-1
357.775	460.841	4.44927	0.0990112	15466752	143.992	-1
357.431	841.179	2.39419	0.0582018	4063999	273.693	-1
356.267	567.747	1.95276	0.0735018	6029823	20.9785	-1
356.099	411.338	7.92491	0.0587305	7078145	273.714	-1
355.447	405.639	2.76529	0.111252	14484223	165.968	-1
355.447	405.639	2.76529	0.111252	14484223	14.8959	-1
353.879	473.188	7.86948	0.0557716	6619393	336.509	-1
353.802	856.424	3.26854	0.0553	9896959	272.009	-1
353.461	851.682	3.22838	0.0906799	8979455	271.307	-1
353.057	509.387	2.37383	0.10534	3474175	264.183	-1
353.057	509.387	2.37383	0.10534	3474175	98.5564	-1
353.036	499.502	2.48423	0.106667	6750975	266.756	-1
344.733	518.274	4.39973	0.0807624	14680320	357.174	-1
344.807	500.574	4.24458	0.0762921	12058880	100.183	-1
344.807	500.574	4.24458	0.0762921	12058880	186.295	-1
344.996	462.149	2.14592	0.0741381	12845567	265.238	-1
345.006	477.841	1.97585	0.0704569	6881791	93.7325	-1
345.006	477.841	1.97585	0.0704569	6881791	172.615	-1
345.214	509.559	4.96011	0.0665999	6619648	355.434	-1
345.228	560.485	2.41825	0.0855897	4784895	3.71454	-1
345.424	570.34	2.08946	0.0938832	10945023	287.318	-1
345.424	570.34	2.08946	0.0938832	10945023	351.276	-1
345.523	545.749	2.60995	0.0720084	10355455	158.946	-1
353.036	499.502	2.48423	0.106667	6750975	94.9582	-1
352.985	461.152	2.2838	0.0568204	656127	330.195	-1
345.822	851.084	3.44092	0.0880624	13632511	265.527	-1
352.724	566.829	2.9987	0.0784912	3671039	189.143	-1
352.538	541.002	3.1677	0.09171	7603199	132.843	-1
352.226	464.238	4.9549	0.060799	6554112	330.648	-1
350.71	570.565	2.12799	0.0874812	12255743	310.702	-1
350.71	570.565	2.12799	0.0874812	12255743	150.263	-1
346.081	464.094	4.01166	0.0796157	7995648	116.485	-1
346.081	464.094	4.01166	0.0796157	7995648	179.174	-1
346.081	464.094	4.01166	0.0796157	7995648	247.69	-1
350.608	820.336	16.006	0.0524766	7799042	141.545	-1
346.304	841.135	2.02864	0.0697296	8782335	89.627	-1
346.304	841.135	2.02864	0.0697296	8782335	256.121	-1
350.505	514.637	4.64423	0.0661898	1901056	200.225	-1
350.505	514.637	4.64423	0.0661898	1901056	172.478	-1
347.068	565.68	6.77648	0.0762087	12518144	356.372	-1
349.863	504.345	4.02462	0.0801243	8257792	242.875	-1
347.136	549.279	2.13755	0.0980134	12583423	325.381	-1
349.863	504.345	4.02462	0.0801243	8257792	180.127	-1
349.863	504.345	4.02462	0.0801243	8257792	119.725	-1
349.595	480.274	2.47466	0.108991	6488831	265.751	-1
349.495	851.839	1.94065	0.0869452	5636607	186.341	-1
349.495	851.839	1.94065	0.0869452	5636607	19.0099	-1
348.658	511.957	1.95667	0.074871	6226431	184.176	-1
348.658	511.957	1.95667	0.074871	6226431	262.923	-1
349.437	469.244	2.40614	0.10363	4457215	264.985	-1
349.437	469.244	2.40614	0.10363	4457215	100.273	-1
349.322	459.295	2.501	0.104494	7209727	265.529	-1
349.322	459.295	2.501	0.104494	7209727	96.6611	-1
608.21	232.588	15.4129	0.0522552	5112066	0.144379	-1
349.004	659.495	1.83129	0.0461598	1442303	128.784	-1
203.244	205.934	4.77294	0.0483558	3867136	179.872	-1
206.39	208.357	9.91633	0.0463093	6619649	180.011	-1
348.788	858.083	5.77351	0.0507537	918272	270.528	-1
348.788	858.083	5.77351	0.0507537	918272	86.1988	-1
349.46	587.957	1.96004	0.0479687	6357503	126.487	-1
567.671	589.547	2.13528	0.0463946	12517887	0.71106	-1
551.37	663.837	14.755	0.0512192	1900802	359.861	-1
551.317	804.739	9.29706	0.0483453	1966593	5.19269	-1
536.282	760.367	3.25744	0.0458513	9634815	25.1227	-1
535.076	280.353	3.16937	0.0509102	7668735	50.9037	-1
531.333	893.941	6.99734	0.0512935	14811904	50.7871	-1
530.159	613.467	2.68011	0.0479268	12255999	77.5551	-1
530.159	613.467	2.68011	0.0479268	12255999	29.1519	-1
528.797	833.838	15.3351	0.0514316	4718850	66.7336	-1
527.026	716.308	5.10505	0.0469458	8716800	112.442	-1
527.026	716.308	5.10505	0.0469458	8716800	89.1533	-1
526.652	802.685	31.4387	0.0489872	6488323	2.01846	-1
522.329	890.274	6.36419	0.0470417	7930624	49.5887	-1
242.306	705.017	5.56546	0.0468826	14942720	175.259	-1
518.123	906.35	3.08679	0.0509822	5768191	55.3821	-1
245.895	643.895	5.44764	0.0462584	13435392	131.389	-1
514.728	709.456	1.89128	0.0505275	3736063	255.431	-1
245.895	643.895	5.44764	0.0462584	13435392	359.717	-1
513.945	679.445	6.31911	0.0471135	7406336	351.538	-1
512.866	753.18	5.64847	0.0521413	16056832	69.5389	-1
246.933	703.412	11.7236	0.0510979	2032385	171.173	-1
511.124	707.697	2.72405	0.0486574	13435647	251.218	-1
508.885	263.589	17.5081	0.0515725	14287106	99.9319	-1
249.161	848.498	4.01885	0.049634	8126720	173.771	-1
352.05	591.262	2.73091	0.0456886	13632255	146.593	-1
506.676	609.531	14.0747	0.0465079	15205121	159.129	-1
504.319	682.548	6.08409	0.0465646	4719360	88.7069	-1
345.968	651.353	9.69752	0.0484522	4981249	128.92	-1
254.197	911.142	2.15042	0.0471865	13042175	100.516	-1
255.616	575.354	3.97742	0.0495433	7405824	91.5081	-1
479.263	851.362	1.83799	0.0466146	1704447	250.547	-1
479.263	851.362	1.83799	0.0466146	1704447	119.69	-1
478.478	682.391	15.6665	0.0484136	6291714	140.531	-1
477.378	863.035	20.315	0.0507998	8323586	246.001	-1
477.378	863.035	20.315	0.0507998	8323586	100.689	-1
257.897	578.535	9.81713	0.0459092	5898753	95.5938	-1
476.753	364.992	1.83773	0.0472126	1638911	199.37	-1
258.372	876.452	13.154	0.0502227	10355457	181.676	-1
472.605	801.099	3.23528	0.0462807	9176063	296.599	-1
470.867	718.889	3.30313	0.0483617	10683391	258.825	-1
468.883	586.472	2.0329	0.0455845	8978943	72.1353	-1
468.518	319.035	2.80304	0.0463239	15467263	357.884	-1
467.399	812.695	6.09601	0.0465377	4850432	168.802	-1
465.461	714.903	2.38806	0.0490068	3867391	230.376	-1
464.514	719.874	3.34439	0.0475824	11535359	162.293	-1
462.194	596.581	5.00736	0.0481181	7340544	28.1082	-1
461.133	684.912	3.83277	0.0456886	4718848	31.8663	-1
459.975	707.286	12.3277	0.0469837	5636865	239.46	-1
262.76	623.372	4.67051	0.0487564	2294272	43.5568	-1
458.17	688.007	2.32267	0.0486418	1901311	40.6322	-1
456.491	511.004	1.83154	0.0474312	1442303	302.05	-1
453.359	584.193	17.433	0.0498967	13959426	48.4393	-1
451.704	481.994	1.81613	0.0467083	786943	270.594	-1
447.285	597.885	2.81681	0.0456676	15860479	136.525	-1
444.946	803.79	7.66262	0.0455696	4653313	64.3612	-1
444.946	803.79	7.66262	0.0455696	4653313	31.3698	-1
441.642	685.564	2.16367	0.0474889	13500927	83.6098	-1
441.631	783.085	4.14941	0.0469904	10420480	288.617	-1
438.772	593.008	5.33682	0.0492618	11928064	121.785	-1
276.633	847.41	5.45372	0.0492917	13500928	137.811	-1
276.633	847.41	5.45372	0.0492917	13500928	350.856	-1
276.819	738.742	49.1612	0.0462142	5440259	178.088	-1
281.836	768.656	4.06146	0.0494063	8913152	105.993	-1
429.594	852.662	3.11826	0.0469332	6489087	123.667	-1
426.88	701.372	2.01477	0.0507998	8323583	30.0848	-1
424.737	638.628	4.94137	0.0463841	6357504	292.566	-1
424.737	638.628	4.94137	0.0463841	6357504	155.641	-1
357.679	504.787	7.04299	0.0486525	15270656	22.6364	-1
424.737	638.628	4.94137	0.0463841	6357504	14.2319	-1
343.398	369.812	2.0493	0.0456309	9568767	211.727	-1
357.838	856.725	2.77887	0.0456493	14877439	281.314	-1
423.023	838.046	1.989	0.050613	7406079	266.392	-1
423.023	838.046	1.989	0.050613	7406079	140.642	-1
422.952	721.225	4.9891	0.0475247	7078400	268.746	-1
422.528	846.95	1.91466	0.0505236	4653567	271.082	-1
422.528	846.95	1.91466	0.0505236	4653567	90.3996	-1
421.102	659.411	7.83332	0.0497871	6291713	86.1941	-1
420.342	477.852	2.06712	0.049952	10158591	55.2396	-1
420.029	596.341	2.01743	0.0514499	8389119	27.3214	-1
419.77	555.757	7.57224	0.0510845	3801345	273.127	-1
419.77	555.757	7.57224	0.0510845	3801345	84.3528	-1
417.67	827.585	5.9367	0.0505332	2949888	88.3667	-1
290.423	665.028	5.90816	0.0515025	2556672	136.94	-1
358.848	472.069	2.73999	0.0518469	13828863	344.428	-1
414.609	476.977	2.53305	0.0521292	8192767	139.305	-1
412.188	555.336	8.50691	0.0521969	12255489	271.585	-1
412.188	555.336	8.50691	0.0521969	12255489	87.7555	-1
411.271	709.223	4.40416	0.0511083	14745856	141.364	-1
297.039	269.098	14.2003	0.0509761	15860481	90.4032	-1
297.26	267.58	15.1706	0.0509308	3932418	90.4406	-1
409.083	723.801	3.18223	0.0459816	7930879	215.487	-1
409.083	723.801	3.18223	0.0459816	7930879	3.48242	-1
407.602	853.105	2.06826	0.0476373	10224127	350.445	-1
305.702	673.644	5.10407	0.0478636	8716800	101.48	-1
305.823	931.413	1.8849	0.0515353	3473919	119.866	-1
306.087	299.381	13.2422	0.0519087	10814209	181.55	-1
306.86	815.196	5.34765	0.0490882	12059136	121.379	-1
397.292	323.369	12.0379	0.0504103	3932929	174.763	-1
396.571	604.869	2.42387	0.0486085	4981503	134.363	-1
309.129	729.955	6.33069	0.0480996	7537408	341.85	-1
309.754	782.33	2.1113	0.0520839	11731455	89.9996	-1
395.26	662.784	2.1338	0.050522	12452351	342.857	-1
395.26	662.784	2.1338	0.050522	12452351	249.584	-1
309.754	782.33	2.1113	0.0520839	11731455	123.498	-1
309.754	782.33	2.1113	0.0520839	11731455	273.257	-1
391.214	678.43	2.19823	0.0457044	14615039	41.1203	-1
337.825	505.61	15.96	0.0479364	7602434	131.215	-1
312.14	767.297	6.03647	0.0461217	4129536	89.4949	-1
390.348	711.079	13.026	0.0488881	9634561	61.9366	-1
387.364	904.468	16.2897	0.0511016	9109762	140.205	-1
317.319	591.966	2.82873	0.0497755	16122623	128.569	-1
319.614	804.663	3.98805	0.0513981	7536896	291.834	-1
381.091	708.672	3.81509	0.0465572	4391168	48.1876	-1
322.378	675.603	2.04935	0.051141	9568767	68.9866	-1
379.202	841.828	2.48134	0.051037	6685439	279.702	-1
328.949	841.16	3.70038	0.0484533	2162944	152.408	-1
329.276	841.632	3.35879	0.0491533	11863039	154.751	-1
329.514	720.078	3.30339	0.0470854	10683391	131.511	-1
331.401	503.874	11.1346	0.0461237	15008257	2.76309	-1
331.401	503.874	11.1346	0.0461237	15008257	90.7159	-1
367.619	471.772	2.44369	0.0508894	5571327	190.316	-1
332.874	621.813	4.35636	0.0485544	13959424	65.6083	-1
333.055	841.271	2.10713	0.0478595	11534847	170.109	-1
366.857	891.434	2.15417	0.0456909	13173247	286.33	-1
365.149	555.757	6.89205	0.048043	13697792	265.323	-1
336.246	844.763	4.70835	0.0506951	2884096	291.125	-1
336.246	844.763	4.70835	0.0506951	2884096	123.867	-1
365.149	555.757	6.89205	0.048043	13697792	103.151	-1
450.389	630.609	2.1317	0.0455459	12386815	24.1628	-1
555.757	835.806	3.20034	0.044627	8389631	359.71	-1
604.103	184.471	2.20442	0.0448341	14811647	0.515167	-1
363.599	858.459	4.67901	0.0450569	2425344	279.536	-1
386.316	696.992	9.78213	0.0441456	5636609	69.8148	-1
503.76	696.473	2.14638	0.0432225	12911103	309.338	-1
364.34	528.693	13.3716	0.0440108	11535105	109.912	-1
503.76	696.473	2.14638	0.0432225	12911103	130.082	-1
386.535	846.401	1.83847	0.0448945	1704447	100.154	-1
557.686	566.866	2.22091	0.0430699	15335935	52.8936	-1
234.718	631.691	3.03107	0.0448714	4457471	180.165	-1
497.316	678.855	2.65333	0.0449296	11535103	76.3132	-1
251.841	893.818	3.48912	0.0429517	14615551	181.746	-1
252.116	894.056	3.81179	0.0427003	4325632	182.07	-1
389.221	557.443	9.59528	0.0450085	4194817	276.858	-1
491.635	617.953	4.16759	0.0427866	10748160	10.9165	-1
557.686	566.866	2.22091	0.0430699	15335935	106.612	-1
554.77	739.789	3.43077	0.0441735	13370367	1.61194	-1
391.053	892.675	3.31911	0.0440176	11011071	100.982	-1
351.277	945.626	1.88794	0.0447172	3604991	99.2147	-1
395.209	796.474	2.84023	0.0428003	16450303	185.643	-1
488.301	633.12	2.01693	0.0434707	8389119	45.9502	-1
487.195	391.409	5.01231	0.0445913	7406080	265.354	-1
485.709	702.676	1.9763	0.0437821	6947327	300.821	-1
485.709	702.676	1.9763	0.0437821	6947327	146.059	-1
308.373	759.516	6.40985	0.0431911	8454912	84.301	-1
484.088	852.731	4.18853	0.0451194	11141376	138.855	-1
307.898	779.091	2.38656	0.0437943	3867391	95.9272	-1
255.508	696.866	25.7001	0.0437353	8651522	180.094	-1
345.637	578.693	8.95604	0.0431776	15925505	106.59	-1
403.344	767.518	2.00271	0.0451484	7864831	21.6623	-1
477.064	710.355	1.90373	0.0429575	4194815	274.975	-1
259.324	671.148	6.63201	0.0445067	10945280	165.728	-1
406.26	710.058	2.66608	0.044786	11862783	141.898	-1
545.076	569.465	3.32728	0.0445906	11207679	61.7514	-1
469.841	584.739	4.10964	0.044742	9765120	57.4751	-1
469.066	326.683	1.87139	0.042969	2949631	1.07239	-1
467.169	351.12	4.57305	0.0451316	786944	4.82465	-1
467.089	360.744	2.61482	0.045077	10486527	21.2361	-1
520.305	673.706	2.61119	0.0443408	10355455	36.117	-1
324.326	647.205	3.51914	0.0447031	15205375	114.368	-1
296.702	676.391	7.2075	0.0450076	262401	117.844	-1
232.124	567.169	1.95021	0.0438759	5964287	113.596	-1
242.404	762.649	2.04954	0.0433147	9568767	175.995	-1
359.047	708.32	2.35929	0.044778	3015423	164.372	-1
324.736	641.026	5.27702	0.0440532	11141632	107.774	-1
350.561	771.068	24.2538	0.0438574	4457218	280.361	-1
412.177	764.232	2.45358	0.0430212	5833471	171.547	-1
340.894	403.572	14.9057	0.0437694	2687234	267.886	-1
242.054	573.6	2.03731	0.043145	9110015	76.3158	-1
541.414	774.236	7.59153	0.0428755	3997953	24.5414	-1
412.57	726.709	3.113	0.0448865	6358015	184.528	-1
376.905	707.416	2.72272	0.0432386	13370111	40.7126	-1
560.642	689.203	2.56349	0.0433645	9044735	1.16794	-1
412.57	726.709	3.113	0.0448865	6358015	259.669	-1
458.132	617.965	8.74909	0.0436413	14287105	73.2407	-1
376.256	471.76	10.3425	0.0449212	9634305	351.746	-1
376.256	471.76	10.3425	0.0449212	9634305	196.65	-1
456.042	755.278	1.85529	0.0449776	2359807	347.905	-1
456.042	755.278	1.85529	0.0449776	2359807	277.217	-1
456.042	755.278	1.85529	0.0449776	2359807	186.595	-1
456.006	873.79	2.60652	0.0441598	10224383	33.4951	-1
527.153	618.169	3.30602	0.0453651	10683391	56.8559	-1
455.196	690.301	3.28046	0.0447262	10159103	227.982	-1
330.077	881.073	12.6338	0.043771	7406337	313.929	-1
330.034	654.374	8.67754	0.0439196	13631745	328.958	-1
455.196	690.301	3.28046	0.0447262	10159103	87.0706	-1
451.051	322.395	2.24472	0.0439033	16122367	10.8993	-1
529.886	662.507	5.31626	0.0429073	11665920	79.0444	-1
347.102	303.64	2.07573	0.0436996	10486271	200.836	-1
375.81	714.556	3.18952	0.0436117	8127487	30.2177	-1
539.106	873.198	5.97968	0.0450177	3474176	19.8933	-1
564.33	626.513	2.28929	0.0448755	852735	359.068	-1
288.347	696.97	3.86892	0.0451161	5374208	148.83	-1
423.991	944.818	3.83227	0.0451441	4653312	75.4728	-1
343.531	311.718	1.99734	0.0429438	7668223	200.967	-1
285.954	849.115	6.90292	0.0448925	13828864	152.249	-1
432.126	925.135	12.106	0.0439148	4326145	121.8	-1
437.291	743.096	2.15135	0.0434216	13042175	357.45	-1
535.962	864.849	6.20797	0.0438884	6161152	24.8324	-1
533.817	677.056	14.9752	0.0440142	3014914	294.797	-1
362.545	857.413	3.38484	0.0447406	12387327	279.03	-1
434.985	920.282	4.44278	0.0443689	15401216	114.556	-1
533.817	677.056	14.9752	0.0440142	3014914	352.957	-1
373.582	899.084	2.52489	0.0451799	7930623	40.1516	-1
277.03	694.075	3.43853	0.0426511	13566975	66.3763	-1
437.131	736.35	1.88432	0.0425489	3473919	4.21176	-1
281.144	751.56	9.68984	0.0422022	4915713	172.413	-1
501.819	843.538	5.07601	0.0422466	8323584	88.0958	-1
387.401	283.123	4.06721	0.0423171	8978688	146.735	-1
510.417	702.067	2.16165	0.042453	13435391	134.538	-1
510.417	702.067	2.16165	0.042453	13435391	185.268	-1
314.105	788.149	4.04427	0.0422063	8585472	0.584961	-1
424.225	700.07	2.49071	0.0413749	6947583	30.7459	-1
363.389	767.375	11.1402	0.0415902	15008257	291.227	-1
312.19	889.949	3.83341	0.041576	4718848	169.516	-1
447.514	765.889	3.23381	0.041775	9110527	87.7575	-1
289	791.014	2.63833	0.0419983	11076351	270.327	-1
341.276	661.885	8.03016	0.0412296	8061185	127.309	-1
365.633	719.38	5.30667	0.0419638	11534848	105.889	-1
391.584	674.679	5.51331	0.0422359	14287360	40.6918	-1
450.087	748.92	1.91718	0.0418	4719103	5.42999	-1
418.674	852.494	20.8355	0.0424203	10158594	289.298	-1
418.674	852.494	20.8355	0.0424203	10158594	71.9147	-1
450.131	755.854	2.0285	0.0420532	8782335	349.924	-1
418.625	770.199	2.29117	0.0424681	918271	330.435	-1
309.589	917.561	8.39423	0.0416641	11272449	114.115	-1
309.589	917.561	8.39423	0.0416641	11272449	48.3799	-1
418.625	770.199	2.29117	0.0424681	918271	278.493	-1
346.042	682.414	2.64766	0.0414872	11338495	150.119	-1
339.455	540.114	2.72216	0.0423587	13370111	20.1953	-1
366.275	622.221	9.96939	0.0425363	7012865	110.316	-1
290.584	613.565	7.59302	0.0414802	3997953	118.704	-1
363.389	767.375	11.1402	0.0415902	15008257	55.0371	-1
355.384	555.227	7.78429	0.0421627	5832961	264.913	-1
405.705	529.605	13.0625	0.0418641	9831169	89.5005	-1
470.526	712.572	3.77892	0.0418622	3670272	257.077	-1
355.384	555.227	7.78429	0.0421627	5832961	106.628	-1
470.526	712.572	3.77892	0.0418622	3670272	207.358	-1
461.075	734.493	1.82801	0.0417568	1311231	6.20581	-1
461.075	734.493	1.82801	0.0417568	1311231	125.857	-1
359.11	891.66	4.35763	0.0418063	13959424	140.786	-1
373.434	600.193	1.87389	0.0411934	3080703	110.18	-1
392.27	527.899	13.6491	0.0403061	12976897	88.125	-1
243.217	600.146	4.57822	0.0404773	852480	60.4957	-1
505.506	309.426	2.59271	0.0411442	9831167	140.578	-1
466.159	797.547	3.56902	0.0409999	16253951	301.129	-1
459.863	724.662	2.28946	0.0407743	852735	112.309	-1
331.138	863.791	3.7198	0.0410158	2556160	89.1329	-1
459.829	297.666	38.1165	0.040221	3736067	94.1538	-1
292.643	672.096	3.77561	0.0411437	3604736	110.172	-1
280.559	619.638	4.87916	0.0406091	5440000	115.147	-1
536.012	611.829	4.31981	0.0401541	13369600	23.9457	-1
417.056	668.39	5.99742	0.0401115	3670784	83.4867	-1
417.441	911.593	6.50558	0.0406439	9569024	80.1671	-1
417.441	911.593	6.50558	0.0406439	9569024	166.988	-1
265.802	686.694	11.4746	0.0406535	459521	193.1	-1
265.802	686.694	11.4746	0.0406535	459521	302.545	-1
488.822	749.922	1.92184	0.0411604	4915711	189.62	-1
392.27	527.899	13.6491	0.0403061	12976897	273.848	-1
276.507	670.078	12.9938	0.0409622	9437953	298.851	-1
448.099	687.631	2.6237	0.040241	10683135	104.354	-1
418.951	610.024	3.4065	0.0403221	12911615	103.3	-1
276.507	670.078	12.9938	0.0409622	9437953	149.211	-1
374.759	862.458	1.98234	0.041189	7143935	105.67	-1
389.898	769.628	2.91917	0.0410523	1704959	105.232	-1
513.047	156.016	2.33005	0.0411624	2097919	269.956	-1
389.274	835.914	3.96982	0.0405624	7209216	139.823	-1
273.126	775.685	5.67211	0.0407205	16318976	345.783	-1
462.421	929.301	3.31183	0.0400748	10814463	36.2173	-1
462.421	929.301	3.31183	0.0400748	10814463	115.008	-1
