506.791	787.709	2.10701	0.0941541	11534847	266.783	-1
666.37	778.389	1.94483	0.0873943	5767679	289.062	-1
666.37	778.389	1.94483	0.0873943	5767679	78.3961	-1
665.249	768.061	2.32054	0.0919238	1835775	307.676	-1
665.249	768.061	2.32054	0.0919238	1835775	56.5823	-1
665.19	774.968	2.52732	0.0883492	7996159	300.766	-1
665.19	774.968	2.52732	0.0883492	7996159	51.2224	-1
663.38	795.042	25.0362	0.0670357	6750978	271.121	-1
662.823	771.332	3.15926	0.0863	7406591	180.247	-1
662.616	777.889	2.65179	0.095377	11469567	95.8777	-1
662.546	575.527	18.0878	0.0648071	16646402	91.5613	-1
662.546	575.527	18.0878	0.0648071	16646402	24.9147	-1
662.367	765.954	2.39553	0.0865719	4129535	183.471	-1
658.923	775.598	2.4207	0.0796084	4850431	180.867	-1
657.791	770.468	3.91743	0.0848412	6291712	359.312	-1
657.791	770.468	3.91743	0.0848412	6291712	180.777	-1
656.406	777.418	2.24358	0.0991798	16122367	333.345	-1
656.406	777.418	2.24358	0.0991798	16122367	143.081	-1
656.347	765.682	1.91246	0.0985882	4522495	33.4853	-1
656.036	770.51	2.19183	0.0672605	14418431	344.755	-1
656.036	770.51	2.19183	0.0672605	14418431	27.5112	-1
653.548	764.6	2.32317	0.0842222	1901311	232.13	-1
653.178	776.481	1.91873	0.0878975	4784639	144.636	-1
653.178	776.481	1.91873	0.0878975	4784639	13.053	-1
652.095	770.681	3.78797	0.0840733	3866880	357.411	-1
650.585	777.968	2.09051	0.106486	11010559	175.33	-1
650.585	777.968	2.09051	0.106486	11010559	15.6781	-1
671.997	765.634	2.08508	0.0974525	10813951	185.864	-1
647.487	765.377	2.74109	0.0774086	13894399	336.496	-1
647.487	765.377	2.74109	0.0774086	13894399	191.118	-1
644.789	767.19	2.03892	0.0875181	9175551	338.259	-1
671.997	765.634	2.08508	0.0974525	10813951	357.614	-1
643.2	454.432	7.84692	0.0976206	6357249	174.134	-1
643.2	454.432	7.84692	0.0976206	6357249	95.5592	-1
642.797	796.796	2.12221	0.0892205	12059135	350.215	-1
672.244	777.458	2.58619	0.0910704	9634559	95.825	-1
641.795	775.933	2.50578	0.096359	7406335	351.656	-1
641.795	775.933	2.50578	0.096359	7406335	194.073	-1
641.786	768.718	2.53047	0.0983516	8061695	166.559	-1
641.786	768.718	2.53047	0.0983516	8061695	9.8779	-1
672.244	777.458	2.58619	0.0910704	9634559	177.647	-1
640.003	792.395	5.98069	0.0774368	3474176	347.924	-1
639.634	787.541	2.81895	0.106345	15926015	341.091	-1
639.634	787.541	2.81895	0.106345	15926015	201.964	-1
674.578	775.565	1.86536	0.0828493	2753023	355.33	-1
639.527	796.933	2.17254	0.0800973	13763071	137.154	-1
639.527	796.933	2.17254	0.0800973	13763071	42.0993	-1
638.677	777.289	2.23783	0.0859465	15925759	154.65	-1
637.424	794.159	2.18424	0.0768432	14156287	194.841	-1
675.969	778.182	1.89935	0.0719348	4063743	85.7369	-1
633.032	778.109	2.10268	0.0989782	11403775	237.632	-1
632.99	766.96	2.17673	0.098675	13894143	319.978	-1
632.99	766.96	2.17673	0.098675	13894143	126.094	-1
632.492	728.518	4.80887	0.0637843	4391424	139.043	-1
632.099	772.671	4.82038	0.0754121	4588032	179.281	-1
680.335	777.225	1.90847	0.0841226	4391423	31.8417	-1
630.121	768.441	2.17013	0.0806674	13697535	14.8326	-1
629.97	776.775	2.07925	0.0838428	10617343	344.098	-1
629.97	776.775	2.07925	0.0838428	10617343	239.115	-1
628.916	789.998	2.5336	0.0916881	8192767	173.291	-1
628.916	789.998	2.5336	0.0916881	8192767	5.93112	-1
628.815	794.888	2.36187	0.0931448	3080959	191.427	-1
628.343	766.092	2.08085	0.079016	10682879	232.474	-1
626.235	788.006	1.94964	0.0847702	5964287	204.544	-1
681.751	773.548	2.44293	0.0792937	5571327	197.945	-1
621.411	575.504	18.4928	0.0637859	1573378	84.2527	-1
621.154	797.122	1.83355	0.085989	1507839	241.652	-1
238.776	706.774	2.41023	0.0821493	4588287	262.563	-1
238.776	706.774	2.41023	0.0821493	4588287	285.446	-1
238.776	706.774	2.41023	0.0821493	4588287	319.117	-1
239.228	724.772	2.36252	0.0719675	3146495	80.1505	-1
239.228	724.772	2.36252	0.0719675	3146495	125.747	-1
620.902	787.312	2.00747	0.087356	8061439	322.899	-1
801.832	496.216	3.26195	0.0859819	9765887	260.632	-1
801.832	613.728	4.37228	0.0863524	14221568	260.283	-1
620.902	787.312	2.00747	0.087356	8061439	116.995	-1
620.234	792.464	4.2882	0.0710685	12845312	354.618	-1
801.832	613.728	4.37228	0.0863524	14221568	175.267	-1
801.832	613.728	4.37228	0.0863524	14221568	72.0019	-1
620.234	792.464	4.2882	0.0710685	12845312	180.708	-1
620.134	720.599	4.22513	0.0654617	11731200	190.257	-1
683.984	776.696	2.48464	0.0857353	6750975	43.0487	-1
618.431	795.845	1.8752	0.0744302	3146239	341.748	-1
618.408	789.107	2.12148	0.0665779	12059135	116.321	-1
801.599	537.059	3.28663	0.085588	10290175	259.852	-1
801.586	524.6	3.03518	0.0902024	4523007	258.676	-1
801.429	507.783	2.31384	0.0800174	1639167	256.589	-1
618.408	789.107	2.12148	0.0665779	12059135	18.7774	-1
244.225	811.867	25.3617	0.0661089	7668482	154.664	-1
618.014	695.082	4.09421	0.0783992	9437440	166.62	-1
617.289	766.969	2.08987	0.0968523	10945023	357.232	-1
801.374	549.304	3.19336	0.0871529	8193023	262.177	-1
683.984	776.696	2.48464	0.0857353	6750975	138.222	-1
247.331	525.329	2.23378	0.0639502	15794687	349.127	-1
248.696	489.601	1.95034	0.0735099	5964287	353.606	-1
801.374	549.304	3.19336	0.0871529	8193023	83.1655	-1
249.363	726.31	2.0003	0.0693937	7799295	4.4306	-1
249.364	709.325	1.9674	0.0702316	6619647	351.037	-1
249.418	495.655	2.17945	0.0661447	14025215	346.341	-1
250.144	717.588	2.50921	0.0675275	7471871	179.713	-1
616.331	777.933	3.32402	0.108306	11076607	3.45395	-1
615.986	787.727	2.02168	0.0853208	8585727	215.027	-1
613.071	783.319	4.76156	0.063072	3670528	99.8731	-1
612.263	777.78	2.31578	0.0773044	1704703	149.769	-1
610.472	768.054	3.33504	0.104229	11338751	328.648	-1
610.472	768.054	3.33504	0.104229	11338751	182.85	-1
252.172	720.713	2.14415	0.0841328	12845567	3.80618	-1
252.172	720.713	2.14415	0.0841328	12845567	172.489	-1
252.177	714.461	2.15033	0.089693	13042175	184.904	-1
252.177	714.461	2.15033	0.089693	13042175	355.835	-1
684.242	766.388	2.94246	0.0982262	2294783	340.409	-1
801.252	575.174	2.62008	0.08347	10617599	258.17	-1
254.43	717.698	2.71524	0.0731056	13173503	359.767	-1
254.981	726.905	2.0897	0.0779899	10945023	4.72247	-1
254.981	726.905	2.0897	0.0779899	10945023	174.296	-1
801.138	513.251	2.09747	0.0805925	11207167	88.2475	-1
255.058	710.52	2.10298	0.0878542	11403775	183.392	-1
255.058	710.52	2.10298	0.0878542	11403775	356.401	-1
255.765	495.756	1.85865	0.0696525	2490879	88.9565	-1
609.867	787.432	1.99684	0.0841956	7668223	322.631	-1
609.486	778.859	1.95081	0.100206	5964287	6.94705	-1
607.571	790.07	2.52699	0.0938715	7996159	173.441	-1
260.483	728.006	1.99412	0.0949098	7602687	3.40915	-1
260.519	716.278	1.94858	0.0996794	5898751	11.0403	-1
264.521	413.104	48.3538	0.0924549	4195075	205.959	-1
801.127	566.298	2.28841	0.0888946	787199	87.9443	-1
800.912	599.918	2.4292	0.0844044	5112575	255.91	-1
607.571	790.07	2.52699	0.0938715	7996159	7.89355	-1
607.543	794.983	2.52258	0.0931892	7865087	353.319	-1
607.543	794.983	2.52258	0.0931892	7865087	186.56	-1
606.798	777.2	1.99436	0.0853181	7602687	346.709	-1
606.798	777.2	1.99436	0.0853181	7602687	180.776	-1
274.196	577.933	5.33651	0.0786365	11928064	173.907	-1
604.918	797.265	2.02311	0.0881681	8585727	143.562	-1
274.461	598.753	4.60583	0.0987986	1245696	177.752	-1
276.129	575.385	8.37479	0.0748061	11075841	172.508	-1
604.603	779.203	2.02348	0.0985517	8651263	350.685	-1
604.603	779.203	2.02348	0.0985517	8651263	146.22	-1
603.276	775.407	2.61434	0.0829924	10420991	342.659	-1
278.09	591.327	1.9051	0.0735055	4260351	307.345	-1
685.39	887.805	25.0669	0.0628347	6816514	78.1133	-1
601.352	513.715	8.99201	0.0683255	16253185	182.607	-1
280.98	589.556	2.93881	0.0716994	2229247	277.106	-1
281.625	592.261	1.83206	0.0728872	1442303	26.7028	-1
281.625	592.261	1.83206	0.0728872	1442303	70.6882	-1
282.288	596.742	4.57857	0.086223	852480	33.5143	-1
282.288	596.742	4.57857	0.086223	852480	169.052	-1
282.834	563.929	19.8993	0.107663	6816258	2.92789	-1
282.834	563.929	19.8993	0.107663	6816258	174.487	-1
284.641	592.395	1.94398	0.0895436	5702143	178.396	-1
285.345	505.99	23.0578	0.103834	787202	266.212	-1
287.107	600.281	3.4598	0.084636	14025727	94.7083	-1
287.78	590.167	3.47433	0.0703303	14287871	269.534	-1
800.912	599.918	2.4292	0.0844044	5112575	84.0527	-1
600.865	768.115	3.21399	0.103271	8651775	342.545	-1
800.683	591.138	2.16092	0.0827739	13369855	257.511	-1
800.683	591.138	2.16092	0.0827739	13369855	84.2244	-1
800.514	628.367	2.21485	0.08537	15139327	84.7175	-1
289.867	596.985	7.83032	0.071391	6226177	96.677	-1
291.126	598.731	1.84441	0.0766608	1901055	72.9511	-1
291.777	591.982	2.06596	0.0743634	10158591	285.364	-1
600.686	778.608	2.54955	0.0861949	8651519	137.453	-1
292.734	839.592	65.8584	0.0838493	9830660	123.338	-1
292.95	491.153	3.33771	0.0798258	11404287	276.868	-1
292.95	491.153	3.33771	0.0798258	11404287	345.308	-1
293.005	579.621	4.32561	0.0822629	13435136	6.18515	-1
293.005	579.621	4.32561	0.0822629	13435136	85.7255	-1
600.686	778.608	2.54955	0.0861949	8651519	42.4458	-1
599.526	787.545	1.98205	0.0916729	7143935	322.99	-1
599.526	787.545	1.98205	0.0916729	7143935	290.513	-1
599.526	787.545	1.98205	0.0916729	7143935	119.824	-1
599.524	797.782	1.96727	0.0886513	6619647	243.788	-1
295.383	600.686	2.9771	0.0868358	3146751	85.8877	-1
599.524	797.782	1.96727	0.0886513	6619647	43.3263	-1
296.001	598.343	1.82675	0.0838029	1245695	341.791	-1
598.857	572.116	11.9667	0.0645383	3474177	170.181	-1
598.857	572.116	11.9667	0.0645383	3474177	31.3969	-1
598.79	792.737	4.2725	0.0738594	12583168	180.395	-1
297.052	493.806	3.10186	0.0911438	6095871	234.829	-1
297.052	493.806	3.10186	0.0911438	6095871	346.233	-1
598.272	775.501	2.50361	0.080934	7340799	197.862	-1
596.971	789.175	1.92718	0.0736429	5112319	20.1711	-1
596.893	796.264	1.94788	0.068893	5898751	344.101	-1
596.893	796.264	1.94788	0.068893	5898751	245.156	-1
298.59	595.632	3.82947	0.0904195	4653312	180.252	-1
596.855	779.105	2.03624	0.0997557	9110015	192.128	-1
596.855	779.105	2.03624	0.0997557	9110015	33.468	-1
299.35	593.115	2.46025	0.0890048	6030079	178.19	-1
299.374	598.16	2.46689	0.0927014	6226687	181.381	-1
300.828	589.8	2.01536	0.0857183	8323583	272.606	-1
596.733	682.704	2.2911	0.0769056	918271	329.063	-1
686.391	773.64	2.63505	0.078998	11010815	348.056	-1
687.691	499.603	16.1235	0.0647822	8323330	233.543	-1
687.691	499.603	16.1235	0.0647822	8323330	356.036	-1
687.824	777.024	2.185	0.0984568	14156287	348.893	-1
688.337	890.39	19.4574	0.0636632	5243394	76.2372	-1
594.758	776.922	1.99214	0.0821951	7471615	197.076	-1
689.428	767.236	3.79894	0.07023	4063488	341.032	-1
302.979	600.708	3.63986	0.0870684	983296	92.2187	-1
303.076	590.957	3.64601	0.0803143	1114368	269.152	-1
591.877	777.325	2.17797	0.0911127	13959679	198.181	-1
303.292	595.839	3.48831	0.0667212	14615551	180.562	-1
591.877	777.325	2.17797	0.0911127	13959679	16.6254	-1
588.683	769.925	2.67502	0.0971683	12124927	170.19	-1
588.683	769.925	2.67502	0.0971683	12124927	2.62759	-1
588.616	776.274	2.63446	0.0938308	11010815	355.131	-1
588.616	776.274	2.63446	0.0938308	11010815	193.601	-1
305.976	601.899	1.91733	0.0811752	4719103	89.0619	-1
306.817	595.583	9.63129	0.0756176	4522497	91.2228	-1
307.066	598.998	2.0691	0.110442	10224127	156.706	-1
307.066	598.998	2.0691	0.110442	10224127	330.139	-1
585.558	767.023	2.36511	0.0880189	3212031	185.358	-1
585.488	787.826	2.1655	0.0931597	13566463	356.491	-1
585.488	787.826	2.1655	0.0931597	13566463	194.263	-1
307.359	593.145	2.12945	0.121932	12321279	126.494	-1
307.359	593.145	2.12945	0.121932	12321279	269.824	-1
307.364	528.2	18.0282	0.12404	16384258	5.12363	-1
307.364	528.2	18.0282	0.12404	16384258	174.147	-1
308.337	801.944	4.33501	0.0717236	13631744	37.0469	-1
308.337	801.944	4.33501	0.0717236	13631744	280.722	-1
585.47	779.336	2.67236	0.0935219	12059391	175.735	-1
585.47	779.336	2.67236	0.0935219	12059391	91.6638	-1
585.369	797.874	2.11033	0.094117	11665919	5.39615	-1
585.052	792.211	2.58718	0.0787874	9700095	0.0769043	-1
584.045	548.955	3.46427	0.0684808	14091263	273.204	-1
584.045	548.955	3.46427	0.0684808	14091263	86.4384	-1
766.147	477.81	3.96796	0.0635369	7209216	175.976	-1
583.813	672.707	2.60081	0.0739709	10093311	341.464	-1
311.37	591.423	3.3871	0.0879887	12452863	285.067	-1
311.932	601.272	3.16904	0.0963281	7668735	98.5749	-1
690.519	773.793	3.02486	0.0792617	4260863	177.43	-1
690.519	773.793	3.02486	0.0792617	4260863	350.96	-1
582.416	789.594	2.22619	0.0932187	15532543	349.423	-1
582.416	789.594	2.22619	0.0932187	15532543	194.47	-1
582.383	795.579	2.30971	0.0935015	1508095	166.278	-1
582.383	795.579	2.30971	0.0935015	1508095	16.7334	-1
582.109	470.764	34.8043	0.0958273	13828355	95.5148	-1
580.716	672.158	2.16788	0.0687923	13631999	350.582	-1
580.185	753.068	2.16808	0.095835	13631999	156.044	-1
315.469	597.063	3.69933	0.110802	2162944	2.33942	-1
315.469	597.063	3.69933	0.110802	2162944	181.585	-1
757.402	566.323	24.0929	0.0656592	3998466	68.273	-1
316.544	733.402	4.96175	0.0734961	6685184	90.3899	-1
756.891	511.062	25.7018	0.0661482	8651522	356.23	-1
756.891	511.062	25.7018	0.0661482	8651522	267.694	-1
579.739	792.505	2.61894	0.0842525	10552063	179.687	-1
317.676	590.361	2.09925	0.0855408	11272703	270.738	-1
579.49	788.146	2.19236	0.0892311	14418431	348.133	-1
579.49	788.146	2.19236	0.0892311	14418431	182.065	-1
579.376	797.885	2.26524	0.09444	66303	170.912	-1
320.012	601.377	3.83856	0.0835022	4784384	90.8851	-1
320.072	591.737	3.81624	0.0805871	4391168	266.889	-1
579.376	797.885	2.26524	0.09444	66303	15.8145	-1
691.516	767.009	2.04691	0.0675894	9437695	143.212	-1
320.924	797.265	13.8699	0.0665865	14156545	277.719	-1
321.07	729.126	2.67105	0.0627722	11993855	104.456	-1
321.07	729.126	2.67105	0.0627722	11993855	355.438	-1
691.516	767.009	2.04691	0.0675894	9437695	176.41	-1
694.173	764.931	3.12711	0.0875909	6685695	24.0394	-1
322.905	602.49	2.12806	0.0803048	12255743	90.4807	-1
322.972	579.93	5.27203	0.0822256	11076096	173.758	-1
323.27	502.783	22.0236	0.0966595	14156290	280.928	-1
694.173	764.931	3.12711	0.0875909	6685695	157.337	-1
575.958	790.81	2.93152	0.0880665	2032639	178.276	-1
324.184	599.524	1.97074	0.108177	6750719	155.929	-1
324.184	599.524	1.97074	0.108177	6750719	325.371	-1
575.71	745.335	2.10663	0.0881588	11534847	180.042	-1
324.487	593.779	2.04011	0.127089	9241087	86.77	-1
324.487	593.779	2.04011	0.127089	9241087	237.949	-1
324.487	593.779	2.04011	0.127089	9241087	269.848	-1
324.487	593.779	2.04011	0.127089	9241087	302.938	-1
324.671	735.31	2.22577	0.0719891	15532543	68.1947	-1
324.671	735.31	2.22577	0.0719891	15532543	220.692	-1
575.476	779.496	2.48009	0.0987255	6619903	5.28183	-1
575.451	548.932	3.34676	0.0710652	11600895	261.147	-1
575.451	548.932	3.34676	0.0710652	11600895	93.7568	-1
575.367	767.777	2.02585	0.094425	8716799	123.616	-1
575.353	774.599	2.49375	0.103444	7013119	354.099	-1
752.443	715.694	3.1751	0.0763333	7799807	333.667	-1
329.101	601.879	3.15855	0.0923997	7406591	99.853	-1
694.223	776.468	2.37037	0.101588	3343103	5.15051	-1
694.223	776.468	2.37037	0.101588	3343103	174.228	-1
752.017	653.104	14.6648	0.0833317	1507586	41.9553	-1
572.575	770.398	2.89869	0.0850103	1180671	6.39133	-1
331.325	586.991	5.25029	0.0907461	10748416	90.4041	-1
572.534	797.727	2.48892	0.0987442	6882047	174.589	-1
572.534	797.727	2.48892	0.0987442	6882047	4.20926	-1
332.587	597.819	3.69073	0.111999	1966336	180.796	-1
572.479	787.793	2.98756	0.097325	3408895	269.339	-1
332.66	566.597	19.2025	0.0951461	4260354	175.949	-1
572.479	787.793	2.98756	0.097325	3408895	163	-1
572.479	787.793	2.98756	0.097325	3408895	16.9113	-1
572.449	777.031	2.50813	0.104268	7471871	350.683	-1
572.449	777.031	2.50813	0.104268	7471871	165.93	-1
570.162	750.89	1.80327	0.0766781	262655	342.383	-1
569.63	778.958	2.25367	0.0875701	16450047	149.677	-1
334.858	591.015	2.14311	0.0857498	12780031	271.257	-1
569.488	768.216	2.19695	0.0896015	14549503	204.36	-1
569.114	790.534	2.79959	0.0894538	15401727	1.07825	-1
568.333	753.365	1.96434	0.064733	6488575	133.939	-1
335.4	734.008	3.38462	0.0632552	12387327	313.561	-1
750.096	398.448	70.5536	0.0799284	14811396	333.207	-1
568.299	745.329	2.10349	0.0731835	11403775	343.594	-1
568.247	645.593	2.56656	0.0639503	9110271	291.002	-1
565.684	797.741	2.27898	0.100872	525055	169.991	-1
565.684	797.741	2.27898	0.100872	525055	6.19263	-1
563.591	767.466	2.12447	0.0982238	12124671	356.022	-1
337.157	592.254	3.74034	0.0819569	2949376	266.802	-1
337.199	601.73	3.81645	0.0779101	4391168	92.5406	-1
563.591	767.466	2.12447	0.0982238	12124671	188.358	-1
562.582	796.337	2.45915	0.0837572	6030079	12.6666	-1
337.874	790.884	26.309	0.0707633	10355458	276.741	-1
562.525	778.825	3.14857	0.107904	7209983	140.86	-1
696.913	899.387	2.78815	0.0641299	15074047	55.2336	-1
559.088	797.39	2.64548	0.102118	11272959	16.8887	-1
696.913	899.387	2.78815	0.0641299	15074047	78.0719	-1
556.527	768.287	3.28032	0.110187	10159103	183.719	-1
556.103	788.066	2.30818	0.0974045	1442559	327.169	-1
556.103	788.066	2.30818	0.0974045	1442559	212.319	-1
555.93	797.215	1.95262	0.0920429	6029823	160.544	-1
555.93	797.215	1.95262	0.0920429	6029823	19.6085	-1
747.557	736.069	2.56588	0.0628845	9110271	21.268	-1
555.649	779.413	1.93475	0.096885	5374463	175.444	-1
555.649	779.413	1.93475	0.096885	5374463	9.79428	-1
339.606	598.595	8.12289	0.0703725	8913153	90.2067	-1
555.648	793.568	7.69976	0.0809147	5046529	89.0083	-1
553.155	789.128	1.9427	0.079393	5702143	338.046	-1
553.155	789.128	1.9427	0.079393	5702143	200.422	-1
553.098	521.553	12.1258	0.08799	4457217	269.548	-1
553.098	521.553	12.1258	0.08799	4457217	90.4848	-1
552.802	797.557	2.68617	0.101836	12387071	162.641	-1
551.799	554.245	13.1158	0.0874892	10093313	89.5945	-1
698.278	715.835	2.97217	0.0652202	3015679	98.6477	-1
698.278	715.835	2.97217	0.0652202	3015679	272.884	-1
550.763	779.733	1.94802	0.0988052	5898751	348.829	-1
344.831	581.501	4.18787	0.0834125	11075840	6.77829	-1
344.831	581.501	4.18787	0.0834125	11075840	85.2548	-1
550.763	779.733	1.94802	0.0988052	5898751	148.808	-1
345.497	602.48	3.0257	0.093515	4326399	84.8768	-1
345.544	592.021	3.0612	0.0882956	5178367	278.432	-1
550.468	787.901	2.02354	0.096434	8651263	175.678	-1
346.098	599.983	1.89599	0.0833148	3932671	345.876	-1
346.114	594.542	1.98971	0.0856331	7406079	15.8174	-1
549.428	775.879	2.53131	0.0863877	8127231	341.438	-1
549.163	753.511	1.99628	0.0676408	7668223	50.0454	-1
548.887	745.184	1.8361	0.0845804	1573375	346.373	-1
548.887	745.184	1.8361	0.0845804	1573375	193.517	-1
546.962	751.156	1.85891	0.0735098	2490879	194.762	-1
546.921	768.368	3.13855	0.105678	6947839	341.203	-1
349.007	597.234	3.94651	0.0904808	6816000	179.461	-1
546.921	768.368	3.13855	0.105678	6947839	200.137	-1
349.721	764.648	2.24245	0.0869417	16056831	201.087	-1
351.122	591.363	2.04107	0.0861276	9241087	272.363	-1
351.52	603.244	2.36554	0.0860985	3212031	94.346	-1
546.833	778.922	2.5863	0.0850008	9700095	139.322	-1
546.833	778.922	2.5863	0.0850008	9700095	42.2154	-1
546.486	773.91	5.95618	0.069181	3146496	192.462	-1
544.479	750.614	1.92574	0.0798771	5046783	13.4532	-1
544.356	775.71	2.68699	0.0827131	12452607	197.333	-1
352.708	766.211	2.55937	0.0916438	8913663	12.298	-1
352.708	766.211	2.55937	0.0916438	8913663	172.784	-1
542.782	779.671	2.06431	0.098127	10093055	34.6821	-1
353.215	703.644	8.7583	0.0796884	14352641	43.1428	-1
353.605	602.293	3.87259	0.08657	5439744	90.8775	-1
542.447	766.938	3.5366	0.0681139	15598591	199.552	-1
353.802	592.752	3.93625	0.0805445	6619392	268.801	-1
541.784	749.636	2.02418	0.0907845	8651263	168.883	-1
541.784	749.636	2.02418	0.0907845	8651263	13.116	-1
539.859	344	261.576	0.0967419	9371910	273.577	-1
355.283	581.128	12.3198	0.0844664	5571329	14.7823	-1
355.502	774.887	2.20905	0.0897446	14942719	24.3538	-1
539.567	795.417	2.43554	0.094332	5309183	355.899	-1
356.765	603.578	1.93075	0.0871215	5243391	88.2719	-1
357.938	600.6	2.01531	0.110249	8323583	157.524	-1
357.938	600.6	2.01531	0.110249	8323583	326.326	-1
539.567	795.417	2.43554	0.094332	5309183	191.66	-1
539.531	790.321	2.37757	0.0963808	3605247	168.79	-1
357.984	597.368	10.0941	0.0802595	7864833	90.3336	-1
358.241	594.741	1.99982	0.126286	7799295	55.3972	-1
358.241	594.741	1.99982	0.126286	7799295	102.722	-1
358.241	594.741	1.99982	0.126286	7799295	266.79	-1
539.531	790.321	2.37757	0.0963808	3605247	4.42459	-1
538.284	767.916	2.01816	0.102495	8454655	336.715	-1
538.284	767.916	2.01816	0.102495	8454655	125.856	-1
538.166	773.396	5.43655	0.0713497	13238784	197.706	-1
537.999	778.953	2.06936	0.0975481	10224127	232.936	-1
359.691	670.897	28.9973	0.0827318	655619	209.654	-1
537.303	683.561	55.2847	0.0729702	13894403	289.213	-1
700.726	719.645	2.5683	0.0668293	9175807	271.525	-1
536.756	787.713	2.31038	0.0928831	1508095	268.538	-1
536.756	787.713	2.31038	0.0928831	1508095	191.171	-1
361.561	764.2	2.27565	0.100928	393983	353.64	-1
361.848	776.028	2.52487	0.0933822	7930623	98.3614	-1
361.848	776.028	2.52487	0.0933822	7930623	167.932	-1
361.848	776.028	2.52487	0.0933822	7930623	330.305	-1
362.371	592.895	3.35833	0.0876258	11863039	291.112	-1
536.73	798.325	2.07348	0.0893711	10420735	176.998	-1
362.985	603.139	3.06357	0.0962546	5178367	107.846	-1
536.73	798.325	2.07348	0.0893711	10420735	98.6273	-1
535.227	753.104	2.20699	0.0956635	14877183	156.571	-1
535.12	769.15	2.19851	0.0807026	14615039	14.563	-1
365.217	693.033	5.96535	0.0758602	3277568	43.035	-1
535.088	777.289	2.33522	0.0805659	2294527	343.269	-1
365.597	599.981	2.37366	0.0958008	3474175	164.042	-1
365.597	599.981	2.37366	0.0958008	3474175	344.604	-1
365.829	776.908	1.92624	0.0864493	5046783	86.019	-1
365.829	776.908	1.92624	0.0864493	5046783	286.436	-1
366.206	772.012	4.11507	0.0757142	9830656	182.173	-1
535.088	777.289	2.33522	0.0805659	2294527	248.153	-1
742.145	594.412	15.728	0.066798	6553858	81.787	-1
533.859	745.773	1.91499	0.0642452	4653567	340.815	-1
704.274	470.888	35.6732	0.0923307	15663363	86.4744	-1
367.131	587.91	6.50061	0.0721936	9503488	130.995	-1
367.131	587.91	6.50061	0.0721936	9503488	278.626	-1
531.958	798.309	1.89141	0.0919531	3736063	142.675	-1
368.079	684.463	4.86178	0.0641183	5177856	335.68	-1
530.812	794.982	2.19655	0.0821343	14549503	340.907	-1
530.691	745.148	1.9857	0.0961583	7275007	180.202	-1
370.876	502.805	17.9727	0.0644458	16187650	353.663	-1
371.119	764.369	2.45133	0.0906455	5767935	184.221	-1
371.23	776.398	2.6182	0.0845252	10552063	97.4639	-1
371.23	776.398	2.6182	0.0845252	10552063	179.709	-1
371.512	770.167	3.28188	0.0857564	10159103	180.241	-1
528.634	788.528	2.81844	0.107591	15860479	200.497	-1
528.579	798.218	2.36754	0.0779273	3277567	130.126	-1
372.174	260.914	72.2143	0.0713231	16515332	210.471	-1
372.174	260.914	72.2143	0.0713231	16515332	265.867	-1
528.579	798.218	2.36754	0.0779273	3277567	48.7914	-1
526.925	779.501	2.05245	0.101653	9634303	349.5	-1
526.925	779.501	2.05245	0.101653	9634303	144.522	-1
373.99	773.834	2.53291	0.0803618	8127231	47.7443	-1
373.99	773.834	2.53291	0.0803618	8127231	300.094	-1
373.99	773.834	2.53291	0.0803618	8127231	335.478	-1
374.001	766.888	2.41425	0.0835553	4719359	56.6086	-1
374.001	766.888	2.41425	0.0835553	4719359	311.229	-1
374.772	763.678	1.98356	0.0756232	7209471	69.2939	-1
374.832	598.085	3.83779	0.119897	4784384	0.0503235	-1
374.832	598.085	3.83779	0.119897	4784384	181.536	-1
375.149	777.362	2.01634	0.0831695	8389119	86.1866	-1
526.12	795.639	2.29487	0.0825665	1049343	198.408	-1
525.38	775.807	2.61661	0.0822366	10486527	342.833	-1
375.755	682.9	5.2522	0.066793	10748416	44.9299	-1
524.687	746.305	1.86181	0.0632534	2621951	310.264	-1
524.687	746.305	1.86181	0.0632534	2621951	49.2108	-1
524.64	751.618	1.8759	0.0630387	3146239	43.0011	-1
523.014	768.228	3.09778	0.10653	6030335	339.197	-1
523.014	768.228	3.09778	0.10653	6030335	198.177	-1
523.001	773.846	5.98738	0.0670724	3539712	203.053	-1
523.001	773.846	5.98738	0.0670724	3539712	90.3409	-1
522.876	779.029	2.6409	0.0825945	11207423	137.43	-1
522.876	779.029	2.6409	0.0825945	11207423	40.2897	-1
522.812	749.035	2.11173	0.065168	11731455	175.815	-1
522.812	749.035	2.11173	0.065168	11731455	43.1877	-1
521.392	795.992	3.07364	0.0775052	5440511	197.42	-1
380.621	765.295	2.14666	0.0898417	12911103	181.454	-1
382.03	769.826	2.19331	0.0821072	14483967	133.411	-1
520.493	792.902	1.8164	0.0632424	852479	53.5694	-1
520.382	775.849	2.61001	0.0842111	10355455	198.854	-1
519.625	795.991	2.16055	0.0814476	13369855	352.208	-1
519.625	795.991	2.16055	0.0814476	13369855	51.9763	-1
519.582	789.799	2.03586	0.0839716	9044479	319.011	-1
383.029	774.581	2.26984	0.0915842	197375	140.624	-1
383.236	766.667	1.96341	0.0894722	6423039	10.9842	-1
383.236	766.667	1.96341	0.0894722	6423039	103.562	-1
383.236	766.667	1.96341	0.0894722	6423039	327.611	-1
519.582	789.799	2.03586	0.0839716	9044479	58.665	-1
519.062	779.414	2.01632	0.0935104	8389119	198.21	-1
519.062	779.414	2.01632	0.0935104	8389119	31.9751	-1
517.368	792.951	2.67445	0.0831563	12059391	178.765	-1
517.148	787.708	2.21882	0.0932146	15270399	260.127	-1
517.148	787.708	2.21882	0.0932146	15270399	193.725	-1
385.408	776.856	2.05844	0.080568	9896447	61.7987	-1
517.098	798.464	2.22925	0.0884187	15663615	175.082	-1
385.479	764.812	1.85394	0.0945677	2294271	105.567	-1
517.098	798.464	2.22925	0.0884187	15663615	95.1169	-1
387.007	722.099	9.17637	0.0853847	983553	217.288	-1
516.569	776.854	2.48893	0.0806141	6882047	328.458	-1
516.569	776.854	2.48893	0.0806141	6882047	200.16	-1
388.093	769.009	4.13014	0.0763019	10092800	197.556	-1
516.544	471.514	36.6505	0.0901729	918019	88.644	-1
516.024	772.508	4.50349	0.0883349	16384256	198.215	-1
388.628	773.868	2.01229	0.0772763	8258047	199.782	-1
514.146	793.473	2.17684	0.0892006	13894143	179.63	-1
514.146	793.473	2.17684	0.0892006	13894143	0.525818	-1
513.965	767.014	2.12028	0.101454	11993599	229.457	-1
390.356	777.131	1.86148	0.096474	2621951	29.9692	-1
391.685	773.612	2.41035	0.0798161	4588287	199.395	-1
513.965	767.014	2.12028	0.101454	11993599	35.8639	-1
512.234	798.051	2.00017	0.088718	7799295	156.474	-1
511.205	793.427	2.19334	0.0757879	14483967	0.965546	-1
510.186	249.231	1.91163	0.063236	4522495	85.7346	-1
509.46	771.897	4.59713	0.100581	1114624	180.876	-1
394.132	776.761	2.53584	0.082456	8258303	40.9524	-1
394.132	776.761	2.53584	0.082456	8258303	139.16	-1
394.165	766.299	2.9455	0.0974971	2360319	194.325	-1
394.165	766.299	2.9455	0.0974971	2360319	345.44	-1
394.178	663.51	4.56343	0.0657872	590336	47.5812	-1
509.454	610.352	42.3655	0.0757526	11338243	283.997	-1
509.366	790.151	2.08723	0.114028	10879487	180.955	-1
509.366	790.151	2.08723	0.114028	10879487	0.997498	-1
396.276	545.605	19.4476	0.0788945	5177858	189.138	-1
396.276	545.605	19.4476	0.0788945	5177858	354.073	-1
396.556	773.581	2.52593	0.0823167	7930623	341.357	-1
509.326	796.201	1.92744	0.094223	5112319	154.502	-1
397.795	776.982	2.12651	0.0852994	12190207	147.359	-1
397.795	776.982	2.12651	0.0852994	12190207	349.126	-1
509.326	796.201	1.92744	0.094223	5112319	18.346	-1
399.916	645.611	15.8856	0.0701404	7274754	259.89	-1
509.31	506.915	8.04087	0.0639933	8126721	220.739	-1
508.022	779.372	2.22256	0.103389	15401471	176.364	-1
508.012	767.026	2.0579	0.0953815	9830911	184.713	-1
506.953	793.649	2.37768	0.079151	3605247	178.451	-1
506.791	787.709	2.10701	0.0941541	11534847	187.902	-1
506.591	797.948	2.12926	0.0959184	12321279	175.156	-1
403.666	766.538	3.14637	0.104387	7144447	182.522	-1
403.787	785.976	2.06405	0.0911801	10093055	184.91	-1
403.787	785.976	2.06405	0.0911801	10093055	346.748	-1
403.806	795.934	2.15598	0.0913149	13238783	8.47348	-1
403.806	795.934	2.15598	0.0913149	13238783	175.267	-1
404.224	676.597	22.3246	0.0829885	15139330	212.016	-1
506.405	262.625	2.34282	0.0901662	2491135	85.7117	-1
505.704	753.118	2.06185	0.0871317	9961983	155.352	-1
712.852	654.85	15.6008	0.0738588	5964034	214.557	-1
502.87	804.845	10.7304	0.068283	12321281	269.781	-1
713.274	672.033	2.91473	0.0687531	1573887	178.175	-1
406.816	793.815	2.32791	0.0899462	2032383	15.6391	-1
406.816	793.815	2.32791	0.0899462	2032383	165.815	-1
501.31	745.503	2.24754	0.0904052	16253439	340.704	-1
407.96	767.935	2.10647	0.081052	11534847	337.432	-1
501.31	745.503	2.24754	0.0904052	16253439	177.141	-1
409.316	790.519	2.56443	0.0822154	9044735	358.815	-1
409.567	776.484	3.40857	0.105345	12911615	2.8988	-1
409.678	795.788	1.9538	0.0887298	6095359	172.999	-1
409.789	785.991	1.94373	0.0924313	5702143	354.778	-1
410.523	765.666	1.96164	0.0952878	6357503	188.74	-1
410.523	765.666	1.96164	0.0952878	6357503	354.089	-1
499.497	796.551	1.89109	0.063032	3736063	57.8925	-1
410.977	713.313	26.353	0.0764515	10420994	209.073	-1
499.497	796.551	1.89109	0.063032	3736063	20.4052	-1
499.397	790.212	2.0311	0.105083	8913407	177.353	-1
499.397	790.212	2.0311	0.105083	8913407	1.90213	-1
497.997	766.838	2.05585	0.0985751	9765375	108.382	-1
497.015	787.416	2.10731	0.0984794	11534847	183.991	-1
412.279	609.914	33.124	0.0771007	10289411	233.821	-1
413.31	659.734	12.689	0.0744276	7734017	180.783	-1
414.232	796.342	1.81915	0.0895283	918015	40.9618	-1
496.854	797.897	2.04841	0.0909659	9503231	18.3409	-1
495.966	550.014	16.1664	0.0791555	8519938	353.193	-1
495.966	550.014	16.1664	0.0791555	8519938	175.533	-1
495.92	750.991	1.88058	0.073034	3342847	343.49	-1
495.857	773.062	2.2432	0.0857451	16056831	311.842	-1
495.857	773.062	2.2432	0.0857451	16056831	131.477	-1
495.792	531.155	16.1923	0.0800663	8651010	178.946	-1
415.186	772.577	4.75407	0.0688605	3539456	1.37057	-1
415.186	772.577	4.75407	0.0688605	3539456	172.301	-1
495.725	768.86	1.95426	0.0972064	6095359	324.39	-1
495.509	776.972	2.32298	0.0964777	1901311	139.939	-1
417.416	787.067	2.76216	0.108621	14418687	200.413	-1
417.416	787.067	2.76216	0.108621	14418687	340.824	-1
417.451	796.473	2.3051	0.0749386	1311487	49.7851	-1
417.451	796.473	2.3051	0.0749386	1311487	128.476	-1
736.204	226.853	4.92912	0.0687155	6160896	77.1284	-1
493.934	753.396	2.0797	0.062701	10617343	137.066	-1
493.934	753.396	2.0797	0.062701	10617343	48.383	-1
419.768	793.826	2.36865	0.0760607	3277567	340.153	-1
420.452	778.086	2.44667	0.094188	5636863	170.825	-1
420.538	771.56	2.6796	0.076585	12255999	179.887	-1
420.7	568.56	23.8032	0.0652993	3080962	83.2186	-1
493.857	745.011	1.96401	0.0795643	6488575	347.849	-1
493.857	745.011	1.96401	0.0795643	6488575	196.459	-1
493.215	791.019	3.19121	0.0786446	8127487	313.469	-1
422.445	507.068	20.528	0.0675899	9110018	187.843	-1
493.215	791.019	3.19121	0.0786446	8127487	185.867	-1
422.843	768.256	2.0483	0.116294	9503231	6.15387	-1
422.843	768.256	2.0483	0.116294	9503231	182.883	-1
422.963	794.457	2.0173	0.0747887	8389119	211.325	-1
422.963	794.457	2.0173	0.0747887	8389119	339.789	-1
423.035	793.389	2.52762	0.0749749	7996159	212.734	-1
423.035	793.389	2.52762	0.0749749	7996159	339.116	-1
493.151	767.601	2.19482	0.0896144	14483967	220.611	-1
423.186	775.035	2.39302	0.11744	4063999	180.761	-1
423.186	775.035	2.39302	0.11744	4063999	350.943	-1
423.227	790.282	3.90996	0.0746136	6160640	338.912	-1
735.678	664.538	4.68346	0.084349	2490880	301.742	-1
735.678	664.538	4.68346	0.084349	2490880	125.596	-1
491.494	787.269	1.84789	0.0821822	2032127	92.0454	-1
491.195	774.252	3.33635	0.0829749	11404287	0.725861	-1
424.956	771.236	2.35193	0.0755415	2818815	356.23	-1
425.281	796.712	2.48859	0.0788307	6882047	93.6479	-1
425.869	777.045	2.21368	0.0900656	15139327	29.8933	-1
490.852	793.7	2.12876	0.0824516	12321279	314.694	-1
490.29	577.039	17.065	0.0700272	12452098	84.2664	-1
489.578	749.474	1.97874	0.0708757	7012863	200.411	-1
426.326	788.089	1.89231	0.0674663	3801599	204.798	-1
427.066	792	2.08607	0.0921483	10813951	29.3198	-1
427.066	792	2.08607	0.0921483	10813951	208.778	-1
489.578	749.474	1.97874	0.0708757	7012863	6.68137	-1
489.435	796.238	1.93505	0.0914472	5374463	138.884	-1
428.414	770.871	2.64548	0.0915488	11272959	181.282	-1
428.414	770.871	2.64548	0.0915488	11272959	354.332	-1
429.379	786.369	2.28139	0.0963674	590591	29.4168	-1
429.379	786.369	2.28139	0.0963674	590591	272.53	-1
429.486	797.893	1.85378	0.0789637	2294271	86.4096	-1
716.96	671.895	2.21558	0.0728747	15204863	0.292053	-1
716.96	671.895	2.21558	0.0728747	15204863	217.738	-1
430.458	793.733	3.36592	0.0822506	11994111	178.811	-1
431.492	789.703	2.36644	0.0777382	3212031	31.2803	-1
431.492	789.703	2.36644	0.0777382	3212031	177.839	-1
487.342	767.114	2.24061	0.106618	15991295	354.128	-1
431.841	778.349	2.53184	0.0888474	8127231	97.1194	-1
431.886	766.159	2.43685	0.096245	5374719	189.046	-1
432.151	771.943	2.88136	0.0887863	787455	181.882	-1
487.342	767.114	2.24061	0.106618	15991295	186.038	-1
487.336	778.971	2.20168	0.104603	14746111	175.661	-1
487.336	778.971	2.20168	0.104603	14746111	6.09439	-1
487.049	788.471	2.28288	0.0868497	656127	185.418	-1
486.96	798.017	2.03113	0.0861512	8913407	289.011	-1
486.96	798.017	2.03113	0.0861512	8913407	138.273	-1
485.379	746.497	1.809	0.0878722	524799	6.21243	-1
717.516	670.434	3.056	0.0750787	5047295	224.99	-1
434.627	768.669	2.38887	0.0908813	3932927	56.8598	-1
434.627	768.669	2.38887	0.0908813	3932927	317.773	-1
434.654	786.624	2.187	0.0881351	14221823	183.324	-1
434.654	786.624	2.187	0.0881351	14221823	258.614	-1
434.685	797.203	2.27834	0.0822177	525055	104.758	-1
434.685	797.203	2.27834	0.0822177	525055	177.442	-1
434.787	775.571	2.67354	0.0817963	12059391	55.0738	-1
434.787	775.571	2.67354	0.0817963	12059391	291.846	-1
434.912	791.81	2.78468	0.0867556	15008511	179.042	-1
435.263	468.088	32.9487	0.080696	9896195	92.5334	-1
483.305	771.056	3.41065	0.0821785	12977151	181.757	-1
481.807	775.651	2.25509	0.0898941	16450047	330.56	-1
435.889	765.393	1.85355	0.0835981	2294271	69.9222	-1
435.91	771.806	1.82768	0.083195	1245695	67.2254	-1
435.91	771.806	1.82768	0.083195	1245695	289.561	-1
481.778	626.913	16.1973	0.0680652	8651010	348.988	-1
435.961	779.185	2.0112	0.0881397	8192511	86.593	-1
435.961	779.185	2.0112	0.0881397	8192511	285.732	-1
733.435	702.051	3.61659	0.0658074	524544	41.3856	-1
481.778	626.913	16.1973	0.0680652	8651010	273.415	-1
481.438	766.65	1.96869	0.097532	6619647	300.603	-1
481.438	766.65	1.96869	0.097532	6619647	105.993	-1
719.416	505.072	21.7004	0.0640189	13107714	259.212	-1
436.813	775.455	3.61119	0.0765091	393472	175.965	-1
437.031	788.824	2.07616	0.0814614	10486271	18.0109	-1
437.031	788.824	2.07616	0.0814614	10486271	60.2824	-1
437.031	788.824	2.07616	0.0814614	10486271	302.897	-1
437.031	788.824	2.07616	0.0814614	10486271	326.66	-1
480.633	750.259	1.83357	0.0693657	1507839	344.02	-1
437.07	794.874	2.15735	0.0781002	13238783	52.5997	-1
437.07	794.874	2.15735	0.0781002	13238783	296.524	-1
437.929	785.79	1.89433	0.0714036	3867135	62.3989	-1
437.929	785.79	1.89433	0.0714036	3867135	280.079	-1
437.983	798.194	2.00196	0.0706109	7864831	83.8866	-1
437.983	798.194	2.00196	0.0706109	7864831	297.245	-1
733.159	638.951	4.8704	0.0638314	5308928	352.322	-1
480.633	750.259	1.83357	0.0693657	1507839	178.991	-1
438.986	794.797	3.11379	0.0713598	6358015	179.159	-1
439.004	788.888	3.04739	0.0671349	4850687	181.569	-1
439.004	788.888	3.04739	0.0671349	4850687	332.721	-1
479.592	470.767	11.0189	0.0678702	14221825	352.687	-1
439.648	277.29	1.83188	0.0905044	1442303	39.3761	-1
439.648	277.29	1.83188	0.0905044	1442303	77.4532	-1
439.648	277.29	1.83188	0.0905044	1442303	244.126	-1
439.648	277.29	1.83188	0.0905044	1442303	309.617	-1
439.648	277.29	1.83188	0.0905044	1442303	352.756	-1
733.11	702.213	3.55695	0.0656827	15991807	43.2613	-1
479.592	470.767	11.0189	0.0678702	14221825	251.679	-1
479.326	769.015	2.19541	0.0908732	14549503	316.222	-1
478.808	776.657	2.33703	0.0962699	2360063	140.221	-1
441.704	778.341	2.17134	0.102379	13697535	8.76025	-1
441.704	778.341	2.17134	0.102379	13697535	175.688	-1
441.896	766.418	2.3152	0.09209	1639167	183.91	-1
442.043	772.813	2.70751	0.079981	12976895	179.605	-1
478.098	750.639	1.88628	0.0729496	3539455	344.228	-1
477.893	570.664	22.8504	0.0704308	131842	145.047	-1
443.302	787.282	2.1647	0.0946346	13500927	357.532	-1
731.735	696.852	4.23819	0.0627153	11993344	39.1288	-1
477.893	570.664	22.8504	0.0704308	131842	70.2927	-1
443.698	797.585	2.35449	0.0874451	2884351	102.497	-1
443.698	797.585	2.35449	0.0874451	2884351	177.412	-1
444.612	775.953	2.18991	0.0991015	14352895	8.49017	-1
476.738	787.356	3.00565	0.0968366	3802111	17.2122	-1
444.69	769.2	2.39693	0.121756	4195071	4.24524	-1
444.69	769.2	2.39693	0.121756	4195071	180.589	-1
731.62	653.445	5.17611	0.0826767	9699840	8.26901	-1
731.436	538.423	23.3419	0.0967173	1704706	357.659	-1
476.66	797.339	2.31201	0.0970656	1573631	173.38	-1
476.66	797.339	2.31201	0.0970656	1573631	5.64713	-1
476.529	767.381	2.37434	0.0909588	3474175	197.699	-1
476.191	778.577	1.88806	0.0995811	3604991	305.281	-1
476.191	778.577	1.88806	0.0995811	3604991	129.745	-1
476.104	752.974	1.93121	0.0647349	5243391	127.858	-1
476.104	752.974	1.93121	0.0647349	5243391	47.8499	-1
473.512	477.448	17.155	0.0689486	12845314	219.176	-1
446.542	772.907	2.45544	0.0786128	5899007	1.28485	-1
446.666	267.523	2.29323	0.0823943	983807	193.051	-1
473.202	790.029	2.84983	0.0810158	16712447	175.953	-1
473.202	790.029	2.84983	0.0810158	16712447	2.15576	-1
447.105	798.467	1.90735	0.0718157	4325887	85.9952	-1
472.358	498.275	30.1863	0.064441	3539203	319.462	-1
447.619	793.112	3.91684	0.070633	6291712	180.111	-1
472.358	498.275	30.1863	0.064441	3539203	231.348	-1
447.767	767.775	2.19871	0.0837185	14615039	331.628	-1
447.767	767.775	2.19871	0.0837185	14615039	357.505	-1
447.979	778.774	2.11432	0.0949603	11796991	163.123	-1
471.394	778.929	2.10548	0.0919344	11469311	143.454	-1
470.069	775.215	2.64853	0.0848164	11404031	341.85	-1
470.05	634.571	4.39732	0.071592	14614784	27.007	-1
450.003	772.955	2.47798	0.0966481	6554367	179.465	-1
450.016	765.563	2.45522	0.0707245	5899007	199.795	-1
450.016	765.563	2.45522	0.0707245	5899007	321.484	-1
469.71	787.733	2.11998	0.0926296	11993599	186.055	-1
722.087	615.097	2.02347	0.0759209	8651263	63.7663	-1
467.731	773.007	5.9521	0.0655047	3080960	87.3883	-1
467.605	767.683	3.1853	0.110131	7996415	337.267	-1
467.605	767.683	3.1853	0.110131	7996415	202.226	-1
467.576	778.432	2.60612	0.0793516	10224383	135.502	-1
451.715	797.394	1.94691	0.0814573	5833215	13.7976	-1
451.715	797.394	1.94691	0.0814573	5833215	178.521	-1
467.576	778.432	2.60612	0.0793516	10224383	40.8287	-1
723.665	630.756	3.18714	0.0823734	8061951	286.852	-1
465.055	774.974	2.44314	0.080746	5571327	198.933	-1
728.368	634.254	2.53568	0.0820149	8258303	308.693	-1
463.808	787.376	1.98171	0.0954777	7143935	356.481	-1
463.667	778.938	2.02041	0.0990308	8520191	188.781	-1
452.527	788.104	3.12302	0.10748	6620159	182.076	-1
463.667	778.938	2.02041	0.0990308	8520191	31.1877	-1
724.674	664.953	3.54429	0.0843404	15729663	241.376	-1
453.351	766.508	2.29622	0.0917313	1049343	194.753	-1
453.351	766.508	2.29622	0.0917313	1049343	277.428	-1
453.355	772.53	2.48866	0.0792622	6882047	179.558	-1
461.936	771.689	3.2414	0.084293	9307135	352.027	-1
461.936	771.689	3.2414	0.084293	9307135	200.86	-1
461.866	775.373	2.1459	0.0800742	12845567	199.281	-1
460.543	244.435	1.9657	0.0629964	6554111	242.524	-1
459.269	615.587	18.8125	0.0917914	2753026	341.877	-1
459.269	615.587	18.8125	0.0917914	2753026	228.849	-1
455.668	768.997	2.01471	0.125523	8323583	179.358	-1
455.668	768.997	2.01471	0.125523	8323583	356.772	-1
455.675	672.767	65.3729	0.0703431	9306372	91.8068	-1
455.675	672.767	65.3729	0.0703431	9306372	289.701	-1
459.253	235.947	3.84404	0.120175	4915456	78.3995	-1
455.964	775.973	2.39513	0.119118	4129535	179.038	-1
455.964	775.973	2.39513	0.119118	4129535	357.147	-1
456.229	788.54	1.98451	0.075187	7209471	335.635	-1
457.911	772.186	2.50962	0.0759882	7471871	354.108	-1
669.408	763.519	2.22732	0.0626974	15598079	100.113	-1
467.531	751.418	1.81721	0.0596968	852479	139.337	-1
669.408	763.519	2.22732	0.0626974	15598079	191.71	-1
659.721	764.065	2.3119	0.0588413	1573631	191.574	-1
659.721	764.065	2.3119	0.0588413	1573631	82.4234	-1
671.795	581.532	8.93261	0.0576827	15728897	5.91913	-1
455.466	763.272	1.96747	0.0547988	6619647	280.816	-1
454.8	721.122	5.96566	0.0587638	3277568	70.2404	-1
725.506	598.23	6.7981	0.057177	12714752	351.037	-1
813.616	611.221	4.85294	0.0534988	5046784	6.47278	-1
652.681	582.177	8.21613	0.0554521	9699585	174.805	-1
652.681	582.177	8.21613	0.0554521	9699585	96.2963	-1
651.119	583.601	6.082	0.0564457	4653824	96.7421	-1
671.795	581.532	8.93261	0.0576827	15728897	84.4902	-1
229.598	755.024	2.11541	0.0561001	11862527	1.70935	-1
231.898	705.452	2.39562	0.0598969	4129535	308.26	-1
461.713	659.655	4.10442	0.056716	9634048	236.48	-1
232.288	714.619	2.46121	0.0595986	6095615	13.7224	-1
453.547	712.209	3.76831	0.0554978	3473664	40.3041	-1
674.664	763.679	2.20306	0.0613559	14746111	166.216	-1
636.462	763.206	4.19865	0.0595141	11272448	157.015	-1
636.026	777.926	1.94164	0.062353	5636607	155.67	-1
635.421	783.437	5.16778	0.0591815	9568768	306.485	-1
635.421	783.437	5.16778	0.0591815	9568768	235.962	-1
635.421	783.437	5.16778	0.0591815	9568768	116.195	-1
633.447	759.418	6.83015	0.0534942	13042432	158.426	-1
632.966	583.402	7.00553	0.057869	14877440	85.556	-1
632.966	583.402	7.00553	0.057869	14877440	4.30637	-1
632.254	712.627	21.8568	0.0570478	13632002	268.856	-1
451.761	487.696	6.63191	0.0551192	10945280	248.719	-1
629.134	635.294	77.3406	0.0540926	4784644	321.664	-1
629.134	635.294	77.3406	0.0540926	4784644	92.6548	-1
680.339	768.085	1.89448	0.062514	3867135	193.048	-1
723.594	635.071	3.00867	0.0547147	3867647	295.836	-1
238.239	714.676	2.14228	0.0613185	12780031	151.753	-1
238.239	714.676	2.14228	0.0613185	12780031	326.769	-1
627.165	696.227	2.62546	0.0621336	10748671	286.38	-1
467.567	782.039	4.8847	0.0571834	5505536	88.9154	-1
451.761	487.696	6.63191	0.0551192	10945280	187.845	-1
627.165	696.227	2.62546	0.0621336	10748671	189.237	-1
241.087	712.567	3.04972	0.0601673	4850687	180.751	-1
450.628	586.388	20.2334	0.0608761	8061442	232.498	-1
450.628	586.388	20.2334	0.0608761	8061442	145.889	-1
241.087	712.567	3.04972	0.0601673	4850687	323.922	-1
610.78	583.592	6.76781	0.0565502	12387072	94.1959	-1
260.387	513.492	16.3432	0.0569271	9306370	181.086	-1
270.779	591.873	2.11973	0.0608451	11993599	177.343	-1
270.904	596.821	2.06881	0.0610315	10224127	182.014	-1
270.904	596.821	2.06881	0.0610315	10224127	200.211	-1
684.503	695.408	2.28667	0.0594112	787199	193.984	-1
277.496	588.66	2.19377	0.0577749	14483967	270.636	-1
684.503	695.408	2.28667	0.0594112	787199	296.958	-1
721.524	769.133	3.86849	0.060102	5374208	79.9334	-1
277.595	594.955	2.35602	0.055693	2949887	30.5561	-1
602.712	548.872	6.51266	0.0588163	9634560	179.57	-1
602.229	787.437	1.87653	0.057797	3146239	210.097	-1
601.264	791.405	2.40179	0.0534179	4326143	180.03	-1
601.086	782.242	4.90483	0.0594303	5833216	91.0817	-1
596.996	553.505	3.38336	0.0558213	12387327	18.175	-1
770.598	581.868	4.0193	0.0562163	8126720	80.4401	-1
770.598	581.868	4.0193	0.0562163	8126720	5.91852	-1
770.379	478.712	2.35816	0.0568643	3015423	4.32959	-1
473.476	776.269	2.01934	0.0614847	8454655	342.431	-1
592.064	700.067	2.40546	0.0538699	4457215	340.997	-1
592.064	700.067	2.40546	0.0538699	4457215	178.28	-1
767.431	579.22	8.96628	0.0544795	16056577	83.7887	-1
767.431	579.22	8.96628	0.0544795	16056577	7.15295	-1
720.435	555.064	2.73434	0.0577034	13697791	308.933	-1
720.381	612.89	1.98097	0.0612971	7078399	181.378	-1
720.381	612.89	1.98097	0.0612971	7078399	63.9045	-1
720.255	543.213	1.9522	0.0549421	6029823	330.556	-1
690.031	250.377	49.0655	0.0610752	5309187	277.573	-1
446.374	657.518	3.29246	0.0537858	10421247	40.2914	-1
690.031	250.377	49.0655	0.0610752	5309187	334.535	-1
729.909	589.7	3.16636	0.0568758	7603199	73.5773	-1
309.579	722.011	9.43295	0.0620128	3015169	162.238	-1
310.99	738.581	4.81319	0.0593948	4456960	281.615	-1
445.875	685.093	2.57013	0.0539044	9241343	231.287	-1
445.875	685.093	2.57013	0.0539044	9241343	65.4765	-1
764.963	477.93	1.94967	0.062616	5964287	179.139	-1
582.627	792.689	6.68664	0.0580559	11535104	89.1766	-1
580.544	777.045	3.97719	0.0580757	7340288	173.057	-1
578.648	693.591	2.95787	0.058359	2687999	1.23175	-1
577.292	753.086	1.84967	0.0587405	2163199	154.781	-1
324.27	739.191	2.56355	0.0588596	9044735	220.016	-1
732.265	603.944	4.22755	0.056339	11796736	358.946	-1
327.307	728.733	6.28839	0.0540424	7078656	9.46011	-1
719.84	621.001	2.04635	0.0621717	9437695	187.839	-1
328.337	893.848	3.28102	0.0558682	10159103	120.779	-1
334.063	897.813	3.09501	0.0580304	5964799	105.692	-1
571.169	685.013	15.6261	0.0554419	6095106	333.275	-1
571.169	685.013	15.6261	0.0554419	6095106	35.9877	-1
750.475	583.539	3.14543	0.0540954	7144447	94.501	-1
480.433	804.127	12.0123	0.0587453	3736321	270.153	-1
438.785	728.069	3.8147	0.0588501	4325632	76.1408	-1
733.365	755.644	2.81559	0.0612915	15794943	51.2856	-1
567.034	782.643	4.42809	0.0618801	15139072	264.053	-1
567.034	782.643	4.42809	0.0618801	15139072	117.601	-1
718.444	539.623	2.02275	0.053619	8585727	327.924	-1
559.018	783.458	4.87165	0.0617147	5308928	272.751	-1
559.018	783.458	4.87165	0.0617147	5308928	106.438	-1
697.06	766.905	2.17867	0.0610725	13959679	8.36276	-1
339.302	435.751	19.0922	0.0574036	3867138	90.4445	-1
341.102	888.042	21.1207	0.0570962	11141634	104.163	-1
746.192	739.439	2.59314	0.0609886	9831167	28.2945	-1
347.413	745.995	5.05552	0.0572442	7995904	40.4018	-1
547.437	251.393	58.0135	0.055337	655620	269.958	-1
743.876	743.563	2.40844	0.0598631	4522751	207.05	-1
717.77	766.601	2.54934	0.0607418	8651519	227.774	-1
546.472	783.89	6.02939	0.0567774	4064000	92.4458	-1
717.77	766.601	2.54934	0.0607418	8651519	57.0135	-1
483.203	744.338	1.82519	0.0565192	1180159	187.658	-1
483.296	749.143	1.98907	0.058859	7406079	178.723	-1
546.044	715.237	16.4172	0.0558667	9634050	38.8189	-1
717.666	770.878	2.43764	0.0618569	5374719	82.1486	-1
743.876	743.563	2.40844	0.0598631	4522751	21.9115	-1
540.787	776.138	2.39663	0.0600423	4129535	198.362	-1
539.19	783.117	3.31163	0.0593666	10814463	277.936	-1
539.19	783.117	3.31163	0.0593666	10814463	69.563	-1
359.871	650.486	2.37977	0.0535731	3670783	234.454	-1
701.434	760.066	5.25492	0.0566402	10813952	136.438	-1
532.692	785.092	4.4948	0.0573783	16187648	106.578	-1
367.774	604.589	2.30134	0.0579225	1245951	124.434	-1
531.021	692.595	5.95479	0.0602656	3146496	10.4884	-1
740.842	671.119	1.80071	0.05454	197119	334.56	-1
526.802	746.051	3.02829	0.0560501	4391935	176.761	-1
709.493	670.344	2.81788	0.0603999	15860479	177.712	-1
523.092	790.319	3.92974	0.0615938	6488320	202.543	-1
522.3	753.264	1.97788	0.0624302	6947327	338.52	-1
734.207	687.031	10.484	0.0626344	10617345	18.4441	-1
432.959	782.904	3.27576	0.0621693	10028031	265.752	-1
522.3	753.264	1.97788	0.0624302	6947327	180.966	-1
432.959	782.904	3.27576	0.0621693	10028031	95.4358	-1
522.3	753.264	1.97788	0.0624302	6947327	98.1042	-1
739.724	619.162	18.0333	0.0616357	16449794	303.066	-1
518.309	730.935	10.2199	0.0570472	8782337	91.0103	-1
384.779	794.903	22.8682	0.0613262	197378	268.668	-1
739.348	700.136	8.29173	0.0614592	10354945	29.315	-1
512.341	783.479	4.46921	0.0600205	15794432	283.269	-1
512.341	783.479	4.46921	0.0600205	15794432	105.705	-1
427.992	781.232	3.93416	0.062084	6553856	69.5578	-1
394.035	771.591	5.65077	0.0619855	16056832	89.5034	-1
510.023	573.879	10.0833	0.0591567	7799297	137.47	-1
394.035	771.591	5.65077	0.0619855	16056832	200.736	-1
405.366	790.729	6.30111	0.0573621	7209728	102.98	-1
405.366	790.729	6.30111	0.0573621	7209728	179.255	-1
502.772	752.604	1.84195	0.0554601	1835519	155.272	-1
490.468	522.32	6.56117	0.0596735	10158848	6.75824	-1
490.468	522.32	6.56117	0.0596735	10158848	82.6263	-1
490.534	782.526	3.53881	0.0536623	15664127	114.674	-1
490.795	764.931	3.02282	0.0571195	4260863	231.426	-1
713.264	536.641	2.00727	0.0549339	8061439	9.20682	-1
502.028	515.827	3.58784	0.0571126	16647167	86.1171	-1
502.028	515.827	3.58784	0.0571126	16647167	3.57864	-1
491.793	487.022	8.30966	0.0593556	10551553	284.987	-1
491.793	487.022	8.30966	0.0593556	10551553	352.034	-1
500.792	514.806	5.14456	0.0568256	9306624	85.2689	-1
491.991	750.75	1.84652	0.0600221	2032127	201.197	-1
499.764	584.587	5.37171	0.0617127	12386816	85.4258	-1
499.764	584.587	5.37171	0.0617127	12386816	5.09961	-1
410.643	639.038	5.39981	0.0537382	12780032	276.168	-1
499.383	498.023	7.99943	0.0590684	7799041	349.204	-1
735.763	744.003	29.5433	0.0596606	2031875	36.3417	-1
422.112	770.032	6.29354	0.0545879	7144192	175.337	-1
499.383	498.023	7.99943	0.0590684	7799041	285.066	-1
498.951	567.998	6.64624	0.0551583	11076352	356.107	-1
498.951	567.998	6.64624	0.0551583	11076352	284.463	-1
497.879	747.19	2.74451	0.0543256	13959935	347.269	-1
735.763	744.003	29.5433	0.0596606	2031875	83.1944	-1
497.879	747.19	2.74451	0.0543256	13959935	172.659	-1
414.383	647.191	2.6378	0.0587603	11076351	60.6038	-1
735.763	744.003	29.5433	0.0596606	2031875	352.776	-1
496.51	673.554	8.87629	0.0601031	15270145	320.343	-1
495.528	503.8	13.4869	0.0565305	12124929	307.246	-1
494.371	784.192	3.61413	0.0534995	459008	108.752	-1
727.485	654.796	40.0664	0.0534079	7340547	205.419	-1
479.202	789.437	1.9296	0.0531476	5177855	10.6915	-1
246.822	519.016	1.94287	0.0528998	5702143	348.614	-1
387.284	661.541	5.2587	0.0529352	10879488	189.929	-1
387.284	661.541	5.2587	0.0529352	10879488	45.5921	-1
770.754	495.36	5.37232	0.0528045	12386816	353.081	-1
473.191	625.951	3.01927	0.0527012	4129791	9.50742	-1
511.519	793.236	9.12306	0.0526862	590337	97.3594	-1
815.845	587.984	1.96676	0.052213	6554111	358.047	-1
522.452	744.46	1.82884	0.053257	1311231	188.275	-1
622.927	790.889	2.13232	0.0529968	12386815	181.71	-1
394.609	733.406	9.16552	0.0525885	918017	98.296	-1
482.235	792.32	5.07711	0.0533367	8323584	11.2094	-1
727.485	654.796	40.0664	0.0534079	7340547	9.97394	-1
483.606	783.838	4.98876	0.0533736	7078400	78.825	-1
349.32	741.571	2.32053	0.0529187	1835775	302.412	-1
815.404	596.563	2.52176	0.0521408	7865087	4.74323	-1
815.32	572.381	2.6699	0.0531983	11993855	8.1698	-1
745.984	582.697	3.09239	0.0521878	5899263	62.6043	-1
623.869	797.724	1.92072	0.0523373	4850175	143.644	-1
590.306	784.95	5.11602	0.052514	8847872	76.4678	-1
691.178	695.015	2.89082	0.0519754	984063	327.759	-1
752.211	654.482	2.55521	0.052893	8782591	57.9749	-1
716.901	572.227	23.0136	0.0526299	656130	125.814	-1
561.529	652.06	12.2775	0.0526756	5309185	283.016	-1
229.311	759.955	2.21719	0.0526768	15270399	9.40076	-1
460.228	782.692	4.12459	0.0526675	10027264	77.3466	-1
814.096	535.154	3.97528	0.052526	7340288	11.5634	-1
499.46	645.194	15.8615	0.0530026	7143682	274.014	-1
719.482	590.081	3.36375	0.0519637	11994111	103.151	-1
257.649	717.488	2.20429	0.0513734	14811647	0.334717	-1
515.946	668.73	5.528	0.0511833	14483968	122.937	-1
360.587	722.793	22.2599	0.0516869	14942722	58.1906	-1
515.946	668.73	5.528	0.0511833	14483968	249.557	-1
701.38	756.084	3.29931	0.0515517	10552319	147.444	-1
668.766	707.3	6.97583	0.051712	14615296	185.471	-1
414.988	780.703	6.04021	0.051839	4195072	258.809	-1
414.988	780.703	6.04021	0.051839	4195072	150.341	-1
471.336	746.981	3.22255	0.0513314	8848383	194.926	-1
447.217	514.6	4.69222	0.0513404	2621952	104.833	-1
553.401	537.824	12.1819	0.051921	4784897	90.8104	-1
414.988	780.703	6.04021	0.051839	4195072	41.9564	-1
734.604	706.883	3.29952	0.0514349	10552319	283.873	-1
815.751	563.659	1.93561	0.0518438	5439999	2.28247	-1
446.388	495.179	4.01423	0.0515086	8061184	258.757	-1
446.388	495.179	4.01423	0.0515086	8061184	189.209	-1
580.49	781.991	5.44253	0.0515839	13369856	278.473	-1
755.649	659.143	3.85634	0.0515308	5112064	42.6347	-1
691.172	695.347	2.75481	0.0517328	14222079	332.168	-1
533.095	652.769	21.9868	0.0515785	14090754	278.864	-1
804.361	532.645	2.59796	0.0517353	9962239	267.079	-1
766.783	484.088	2.30217	0.0511628	1245951	74.2981	-1
436.396	494.632	3.37967	0.0508135	12321791	278.357	-1
436.396	494.632	3.37967	0.0508135	12321791	350.955	-1
501.497	665.135	5.64959	0.0504561	16056832	140.41	-1
429.722	736.203	9.94833	0.0498578	6816257	69.8463	-1
373.899	676.024	2.48954	0.0509004	6882047	323.747	-1
229.382	741.985	2.27814	0.0498113	459519	351.998	-1
238.169	546.327	1.79718	0.0498595	66047	253.771	-1
238.169	546.327	1.79718	0.0498595	66047	335.276	-1
805.079	617.532	1.86393	0.0505261	2687487	76.7349	-1
576.503	670.897	3.66052	0.0508305	1376512	334.632	-1
766.783	484.088	2.30217	0.0511628	1245951	97.3307	-1
479.611	728.181	17.1732	0.0510855	12910850	109.592	-1
588.479	576.262	2.53489	0.0498733	8192767	29.5152	-1
588.479	576.262	2.53489	0.0498733	8192767	334.654	-1
803.091	608.836	2.55479	0.0508974	8782591	260.581	-1
668.31	708.384	7.7343	0.0511372	5308673	187.691	-1
354.376	588.774	2.4892	0.0506194	6882047	270.927	-1
435.781	495.085	4.18273	0.0505261	11010304	279.239	-1
592.946	783.052	4.26661	0.0504299	12452096	72.4637	-1
623.106	794.487	1.96483	0.0497923	6488575	176.532	-1
714.622	531.461	1.97096	0.0496423	6750719	13.7328	-1
337.431	605.48	2.07734	0.0496312	10551807	92.9573	-1
713.955	540.208	3.74823	0.0496137	3080448	1.11145	-1
598.304	543.961	4.07033	0.049585	9044224	81.6208	-1
598.304	543.961	4.07033	0.049585	9044224	11.9342	-1
269.175	776.459	29.6546	0.0494305	2294019	253.585	-1
