31.3988	638.912	1.94139	0.0795282	5636607	103.987	-1
31.3988	638.912	1.94139	0.0795282	5636607	185.583	-1
37.4708	600.057	1.9657	0.0490549	6554111	192.311	-1
42.8702	543.386	20.4014	0.0521637	8651266	185.783	-1
43.9732	452.149	2.13848	0.0826327	12648959	256.332	-1
45.41	453.252	4.18697	0.0774215	11075840	175.587	-1
45.41	453.252	4.18697	0.0774215	11075840	256.629	-1
47.3704	545.332	13.2308	0.0528599	10748673	188.825	-1
49.2729	546.173	10.0579	0.0532481	7602689	188.884	-1
49.8056	477.185	4.79037	0.0480313	4129280	169.459	-1
52.7246	548.316	4.41558	0.0539638	14942464	191.263	-1
53.2633	548.577	3.56277	0.0543515	16122879	194.4	-1
56.0155	481.179	3.71581	0.0202138	2425088	156.161	-1
67.4333	519.332	24.8007	0.0546129	6030082	178.334	-1
75.2369	473.822	43.2021	0.0844469	12780035	182.385	-1
75.2369	473.822	43.2021	0.0844469	12780035	285.099	-1
76.7293	608.912	56.4672	0.0998143	15467267	74.6772	-1
76.7293	608.912	56.4672	0.0998143	15467267	187.643	-1
76.9518	640.27	9.16573	0.0538703	918017	93.2434	-1
77.3837	566.411	1.8356	0.0138481	1573375	69.918	-1
77.3837	566.411	1.8356	0.0138481	1573375	240.451	-1
81.5414	446.526	2.44916	0.0570672	5702399	286.439	-1
91.9857	573.728	3.97154	0.0262626	7274752	5.04749	-1
92.5452	573.928	3.48505	0.0262511	14550015	6.33557	-1
92.7283	490.569	1.83826	0.0529923	1704447	57.954	-1
93.8357	537.948	1.91547	0.0285601	4653567	19.9986	-1
95.412	493.149	1.99204	0.0591259	7471615	117.116	-1
95.7618	502.718	2.60868	0.0888602	10289919	310.088	-1
95.7618	502.718	2.60868	0.0888602	10289919	351.994	-1
95.7998	497.179	6.96226	0.0880537	14418688	153.533	-1
95.8105	493.39	1.9034	0.058806	4194815	125.108	-1
96.5781	555.863	3.67183	0.071145	1573120	181.447	-1
96.7008	543.298	4.28666	0.0735019	12779776	187.902	-1
97.4161	568.624	2.06023	0.062073	9961983	94.2901	-1
97.4429	588.539	4.03311	0.075015	8388864	339.295	-1
97.6258	584.605	2.05151	0.0766633	9634303	44.1822	-1
97.6258	584.605	2.05151	0.0766633	9634303	159.493	-1
98.1404	573.917	4.29673	0.0752388	12976384	7.21451	-1
98.1404	573.917	4.29673	0.0752388	12976384	158.672	-1
99.9195	510.881	1.89406	0.0331916	3867135	199.005	-1
104.574	586.286	3.18635	0.0215406	8061951	197.036	-1
107.866	576.244	6.85974	0.0295299	13370112	170.946	-1
109.985	532.466	11.7481	0.0375224	2163457	57.7026	-1
111.369	550.744	3.52855	0.0749817	15401983	358.574	-1
112.267	571.021	2.46657	0.0732683	6226687	107.307	-1
112.267	571.021	2.46657	0.0732683	6226687	277.647	-1
112.465	563.369	2.57645	0.0817429	9372415	298.408	-1
113.777	541.451	2.59117	0.0740984	9831167	78.3882	-1
114.093	635.797	3.56235	0.0510772	16122879	68.5039	-1
115.302	568.082	2.82837	0.0738894	16122623	281.497	-1
116.661	586.115	2.52824	0.0757857	7996159	3.04407	-1
116.661	586.115	2.52824	0.0757857	7996159	66.0232	-1
117.135	575.477	3.3945	0.0435421	12649471	270.508	-1
117.194	631.674	2.0451	0.0430958	9372159	28.9396	-1
117.194	631.674	2.0451	0.0430958	9372159	208.703	-1
119.303	582.018	2.55568	0.0631347	8782591	76.416	-1
119.731	541.343	3.10389	0.0741936	6161407	90.9965	-1
120.077	597.608	4.44797	0.0566805	15466752	337.136	-1
120.407	627.581	2.2934	0.0436679	983807	50.493	-1
120.407	627.581	2.2934	0.0436679	983807	229.39	-1
121.105	632.922	3.47613	0.0618026	14353407	65.7914	-1
121.559	568.417	2.36728	0.0785407	3277567	269.033	-1
122.259	565.336	2.00627	0.0750091	7995903	267.21	-1
122.354	477.569	2.18938	0.0283671	14352895	91.3331	-1
123.238	575.505	3.41876	0.0440962	13108223	90.7483	-1
123.238	575.505	3.41876	0.0440962	13108223	271.084	-1
123.475	538.181	2.76492	0.0655832	14484223	102.466	-1
124.382	554.491	1.95251	0.0497291	6029823	266.793	-1
124.738	531.502	2.23874	0.0585198	15925759	92.186	-1
124.738	531.502	2.23874	0.0585198	15925759	266.537	-1
126.591	550.59	2.9905	0.0472024	3474431	10.7831	-1
126.679	534.42	2.1639	0.0542685	13500927	90.6697	-1
126.679	534.42	2.1639	0.0542685	13500927	274.597	-1
126.771	551.439	20.7932	0.0526447	10027522	76.204	-1
127.157	479.14	3.70197	0.0299158	2162944	102.123	-1
127.157	479.14	3.70197	0.0299158	2162944	301.76	-1
127.316	568.03	3.03189	0.0627016	4457471	251.761	-1
127.873	563.917	2.32483	0.0854833	1966847	246.815	-1
127.877	528.242	2.2608	0.0746741	16646655	76.0612	-1
127.877	528.242	2.2608	0.0746741	16646655	258.016	-1
127.989	579.859	1.8951	0.0751034	3867135	94.7095	-1
127.989	579.859	1.8951	0.0751034	3867135	261.51	-1
128.382	589.56	2.03833	0.0584204	9175551	270.99	-1
128.575	571.681	2.06308	0.0691066	10027519	90.8752	-1
128.575	571.681	2.06308	0.0691066	10027519	270.651	-1
129.297	539.387	3.94632	0.0743275	6816000	108.395	-1
130.513	586.125	2.57017	0.0588686	9241343	111.535	-1
130.843	567.26	3.98871	0.0673201	7602432	250.687	-1
130.843	567.26	3.98871	0.0673201	7602432	293.825	-1
131.092	592.763	3.51022	0.0246944	15074303	166.093	-1
131.092	592.763	3.51022	0.0246944	15074303	355.989	-1
132.091	614.976	2.1433	0.0447241	12780031	68.9664	-1
132.534	542.571	2.74323	0.0738669	13959935	66.9823	-1
133.717	563.876	2.48816	0.0789201	6882047	296.771	-1
133.849	602.754	2.1309	0.0583449	12386815	255.91	-1
133.997	528.152	2.01943	0.0834766	8454655	90.8278	-1
134.093	551.083	3.94592	0.0382682	6816000	156.804	-1
134.859	579.41	1.93469	0.0633599	5374463	92.6813	-1
134.859	579.41	1.93469	0.0633599	5374463	266.621	-1
136.807	531.491	2.33853	0.0544588	2360063	69.0735	-1
137.003	602.202	2.98849	0.0575505	3408895	253.855	-1
137.003	602.202	2.98849	0.0575505	3408895	285.058	-1
138.84	582.664	2.11859	0.0771312	11928063	79.5223	-1
138.953	551.286	2.75792	0.0481151	14287615	166.502	-1
139.011	528.565	2.02963	0.0590936	8847871	85.2603	-1
139.011	528.565	2.02963	0.0590936	8847871	278.589	-1
139.178	541.34	2.82072	0.0783635	15926015	86.9087	-1
139.385	596.284	5.4282	0.0245996	13173248	271.299	-1
141.059	600.321	2.14968	0.0673016	12976639	288.391	-1
141.806	531.735	2.3547	0.0572242	2884351	269.136	-1
142.9	571.957	2.20684	0.0584106	14877183	80.8121	-1
142.9	571.957	2.20684	0.0584106	14877183	273.337	-1
143.493	489.983	1.93326	0.0156834	5308927	289.829	-1
143.526	565.837	1.87747	0.0766293	3211775	267.95	-1
144.745	621.154	3.12396	0.0393818	6620159	61.32	-1
146.482	553.949	5.12436	0.0369625	8978944	18.6408	-1
146.737	551.233	3.84408	0.038203	4915456	18.8777	-1
147.451	589.611	1.90665	0.0600359	4325887	89.7704	-1
147.451	589.611	1.90665	0.0600359	4325887	263.163	-1
147.678	543.137	2.90298	0.0712486	1311743	112.837	-1
149.004	568.265	2.95856	0.0595754	2687999	250.001	-1
149.039	572.451	2.08372	0.0732663	10748415	107.016	-1
149.039	572.451	2.08372	0.0732663	10748415	275.504	-1
149.092	531.581	2.4212	0.0554927	4915967	269.5	-1
149.171	564.334	2.3916	0.0868039	3998463	248.907	-1
149.282	619.109	3.32134	0.0281244	11076607	73.7266	-1
149.722	593.852	4.11744	0.0239797	9896192	330.944	-1
150.749	539.566	3.93624	0.0756084	6619392	72.4877	-1
150.891	603.494	1.87041	0.0605998	2949631	258.392	-1
151.619	579.891	8.67511	0.0567113	13631745	95.7314	-1
151.954	577.487	12.8287	0.0545986	8520449	96.0128	-1
151.954	577.487	12.8287	0.0545986	8520449	270.033	-1
152.174	567.682	4.06798	0.065088	8978688	250.527	-1
152.174	567.682	4.06798	0.065088	8978688	293.749	-1
154.111	543.458	3.36157	0.0716658	11928575	70.4673	-1
154.229	572.352	2.31278	0.0589766	1573631	87.2	-1
154.229	572.352	2.31278	0.0589766	1573631	286.292	-1
155.469	586.425	1.85791	0.0675497	2425343	66.1525	-1
155.713	618.459	1.97148	0.0398154	6750719	85.6357	-1
155.714	551.403	3.89889	0.0370499	5964032	154.516	-1
155.987	602.537	2.98084	0.054459	3212287	250.668	-1
155.987	602.537	2.98084	0.054459	3212287	288.862	-1
157.342	561.145	2.00293	0.0495123	7864831	256.62	-1
157.891	565.533	2.23736	0.072919	15925759	282.743	-1
158.032	572.677	2.84525	0.0675126	16581375	88.9011	-1
158.032	572.677	2.84525	0.0675126	16581375	289.336	-1
158.586	531.302	2.97152	0.043664	3015679	92.2576	-1
158.94	596.108	5.97523	0.0276244	3408640	270.473	-1
160.042	535.274	2.53071	0.0732775	8127231	93.3132	-1
160.042	535.274	2.53071	0.0732775	8127231	280.981	-1
160.109	541.539	2.68762	0.0775908	12452607	86.3574	-1
160.87	620.418	1.90862	0.046349	4391423	86.051	-1
161.468	575.011	1.92484	0.0537773	5046783	292.572	-1
162.071	547.731	5.15142	0.0377392	9372160	37.2247	-1
162.071	547.731	5.15142	0.0377392	9372160	89.0203	-1
162.071	547.731	5.15142	0.0377392	9372160	150.421	-1
163.218	572.528	2.36141	0.0663047	3080959	87.3406	-1
163.336	528.341	2.48761	0.06918	6882047	272.543	-1
163.395	609.647	3.22536	0.028432	8913919	269.544	-1
163.418	531.939	2.94816	0.0460927	2425855	274.352	-1
164.359	651.577	53.2318	0.0399463	11141891	79.9938	-1
165.091	566.101	1.96324	0.0698204	6423039	269.181	-1
165.96	569.154	2.55903	0.0736544	8913663	269.129	-1
166.955	531.886	2.4037	0.0428175	4391679	268.706	-1
167.106	528.587	2.26331	0.0728709	767	267.505	-1
168.197	543.337	3.66763	0.0753446	1507584	110.282	-1
168.672	571.918	2.68687	0.0591747	12452607	267.727	-1
169.556	535.066	1.97006	0.0805518	6685183	151.756	-1
169.556	535.066	1.97006	0.0805518	6685183	269.669	-1
169.859	586.969	1.96716	0.0671075	6619647	116.302	-1
170.798	564.677	2.37083	0.0838145	3343103	239.655	-1
171.035	552.344	21.8289	0.0487486	13566466	101.455	-1
172.132	539.705	3.98047	0.0709405	7405824	112.027	-1
172.39	580.246	8.9419	0.0534296	15859969	89.3728	-1
172.54	547.853	1.97398	0.0712717	6816255	142.924	-1
173.375	567.392	3.33184	0.0658616	11273215	242.352	-1
174.039	534.933	1.8721	0.0997898	3015167	79.5413	-1
174.039	534.933	1.8721	0.0997898	3015167	264.645	-1
174.3	571.404	2.91208	0.0483929	1508351	270.379	-1
174.968	658.59	66.6746	0.0396967	10748164	82.1249	-1
175.119	602.607	2.79635	0.0426928	15336191	249.781	-1
175.119	602.607	2.79635	0.0426928	15336191	287.933	-1
175.52	611.029	1.97634	0.0242038	6947327	89.7444	-1
175.602	586.917	2.45808	0.062094	5964543	67.8382	-1
175.605	610.394	12.6329	0.0692138	7406337	89.869	-1
176.221	551.068	3.23593	0.0534366	9176063	168.572	-1
176.248	564.495	2.20248	0.0809209	14746111	299.732	-1
176.901	597.074	2.67076	0.0251009	11993855	288.223	-1
178.411	616.37	2.88595	0.0469637	852991	84.9609	-1
178.791	546.598	3.11708	0.0316042	6489087	268.102	-1
179.062	538.734	2.37395	0.0625287	3474175	78.4584	-1
179.281	565.797	2.02682	0.0759727	8716799	279.615	-1
179.43	601.221	2.03217	0.0679885	8913407	290.147	-1
179.705	535.507	1.85742	0.065064	2425343	278.118	-1
180.52	541.961	3.04563	0.0774987	4785151	81.7505	-1
183.832	593.714	12.7257	0.0678947	7930625	92.9004	-1
185.38	554.904	1.89461	0.0702948	3867135	72.8409	-1
185.445	572.917	1.872	0.0641161	3015167	272.071	-1
185.684	615.646	2.64033	0.0397234	11141887	88.0443	-1
187.48	542.1	2.89386	0.0744842	1115135	101.265	-1
188.16	569.301	2.50412	0.0613286	7340799	261.354	-1
189.309	546.304	2.28378	0.0522389	656127	318.828	-1
189.82	611.306	2.02929	0.020527	8847871	90.0623	-1
189.982	615.374	2.43828	0.0457265	5374719	88.9886	-1
190.427	588.341	2.56202	0.0707808	8979199	165.879	-1
190.515	599.399	5.6624	0.059907	16187904	173.146	-1
191.004	573.116	1.95314	0.0683734	6095359	94.3573	-1
191.004	573.116	1.95314	0.0683734	6095359	269.843	-1
191.551	596.28	2.9433	0.056709	2294783	170.974	-1
192.247	544.176	2.90972	0.0883596	1508351	124.134	-1
192.247	544.176	2.90972	0.0883596	1508351	169.7	-1
192.826	564.937	2.55166	0.0894416	8717055	247.084	-1
193.501	559.864	2.16039	0.0767731	13369855	181.455	-1
195.65	547.967	3.01554	0.0412032	4064255	176.304	-1
196.158	562.934	2.40027	0.0352057	4260607	182.227	-1
196.387	582.756	11.2454	0.041307	15729153	141.14	-1
198.903	593.602	8.20637	0.0401592	9634049	168.357	-1
199.946	563.885	7.38553	0.0536297	2031873	202.62	-1
199.946	563.885	7.38553	0.0536297	2031873	321.268	-1
200.044	607.198	15.6376	0.0583748	6095106	89.8972	-1
201.044	573.584	3.21699	0.0319717	8717311	356.537	-1
203.639	570.586	2.00662	0.0791302	7995903	87.5092	-1
206.127	525.417	1.89379	0.0930357	3867135	352.351	-1
206.354	572.921	1.94078	0.0765568	5636607	70.3843	-1
206.354	572.921	1.94078	0.0765568	5636607	103.837	-1
206.354	572.921	1.94078	0.0765568	5636607	259.845	-1
206.374	578.796	5.11426	0.0366733	8847872	348.87	-1
207.354	585.095	2.70345	0.048332	12845823	271.053	-1
208.031	523.554	1.81304	0.105016	655871	102.964	-1
208.364	502.619	46.634	0.0624392	1573635	273.638	-1
208.425	528.317	1.84449	0.104668	1901055	80.8442	-1
208.425	528.317	1.84449	0.104668	1901055	279.399	-1
210.139	610.192	3.46648	0.0271117	14156799	90.0184	-1
210.517	606.05	1.92744	0.0820483	5112319	271.763	-1
212.617	585.459	3.40174	0.0523664	12780543	269.552	-1
213.113	568.11	1.83436	0.0629632	1507839	281.233	-1
213.323	604.417	1.87301	0.0610599	3015167	179.853	-1
214.072	573.508	1.89497	0.0622885	3867135	128.754	-1
214.072	573.508	1.89497	0.0622885	3867135	274.122	-1
214.328	522.507	1.99978	0.096811	7799295	2.53674	-1
214.328	522.507	1.99978	0.096811	7799295	150.044	-1
214.401	526.086	12.7542	0.0515167	8127233	3.03772	-1
214.401	526.086	12.7542	0.0515167	8127233	88.2509	-1
214.401	526.086	12.7542	0.0515167	8127233	121.325	-1
214.401	526.086	12.7542	0.0515167	8127233	180.907	-1
215.078	598.009	4.4649	0.0462965	15728896	266.424	-1
216.396	568.306	1.99794	0.0619074	7733759	263.88	-1
216.45	520.708	2.08901	0.0843506	10945023	147.834	-1
216.45	520.708	2.08901	0.0843506	10945023	270.383	-1
218.632	603.549	3.23473	0.0510093	9110527	88.9419	-1
220.316	570.714	2.23225	0.0702453	15729151	91.1388	-1
222.578	563.621	1.81173	0.0682952	655871	234.164	-1
225.179	596.908	1.97336	0.0498456	6816255	95.6033	-1
225.179	596.908	1.97336	0.0498456	6816255	273.062	-1
225.382	533.244	3.91424	0.0235589	6226176	185.979	-1
227.89	585.549	2.49648	0.0498818	7078655	275.96	-1
229.003	615.587	1.83972	0.0663585	1769983	89.7766	-1
230.418	598.351	4.36316	0.048083	14090496	266.26	-1
231.938	610.218	3.51222	0.0346664	15074303	89.6307	-1
231.938	610.218	3.51222	0.0346664	15074303	292.009	-1
233.07	585.329	2.33138	0.0607738	2163455	77.5201	-1
233.906	541.529	17.0187	0.0386381	12255490	170.527	-1
233.906	541.529	17.0187	0.0386381	12255490	333.363	-1
234.148	599.627	1.89026	0.0348317	3670527	92.231	-1
235.043	604.711	4.9799	0.0419657	6947328	85.4093	-1
235.043	604.711	4.9799	0.0419657	6947328	262.789	-1
235.132	535.81	3.1101	0.0236496	6292479	357.753	-1
236.602	543.446	3.00403	0.021314	3802111	336.166	-1
237.421	581.685	2.34756	0.0349955	2687743	252.12	-1
237.975	603.553	2.2985	0.0447298	1114879	91.0228	-1
238.153	598.255	4.20509	0.0503903	11403520	265.389	-1
238.571	591.512	5.15678	0.0449209	9437696	266.477	-1
239.784	540.492	3.30096	0.0428169	10617855	162.495	-1
239.784	540.492	3.30096	0.0428169	10617855	340.257	-1
240.108	612.294	6.84072	0.0529091	13173504	90.27	-1
240.275	556.324	19.8076	0.043801	6488578	310.329	-1
241.551	603.715	5.20006	0.0413291	10027520	87.0463	-1
241.551	603.715	5.20006	0.0413291	10027520	256.944	-1
242.31	596.883	2.56447	0.0434718	9044735	276.816	-1
244.198	535.185	4.7431	0.0541086	3408384	349.197	-1
246.929	590.695	1.94204	0.0683855	5636607	332.424	-1
247.437	598.674	5.17894	0.0384357	9765376	160.66	-1
247.437	598.674	5.17894	0.0384357	9765376	255.163	-1
248.754	610.428	10.2275	0.0531583	8847873	90.4248	-1
250.132	585.597	2.43271	0.0544681	5243647	94.992	-1
250.132	585.597	2.43271	0.0544681	5243647	281.961	-1
255.333	603.55	2.04227	0.0664426	9306623	170.496	-1
256.11	596.973	2.65826	0.050812	11666175	271.939	-1
256.3	585.454	4.12971	0.0422616	10092800	95.9286	-1
257.953	529.933	18.8876	0.0861231	3080706	37.2714	-1
258.701	615.524	1.93249	0.055761	5308927	90.1107	-1
259.386	597.424	2.80378	0.0473818	15532799	88.3661	-1
259.386	597.424	2.80378	0.0473818	15532799	266.244	-1
259.422	612.587	6.72037	0.0526085	11862784	89.9855	-1
260.203	581.226	3.32581	0.0505184	11142143	263.23	-1
260.203	581.226	3.32581	0.0505184	11142143	343.752	-1
261.056	602.457	2.00749	0.0799408	8061439	173.627	-1
261.117	591.346	3.98035	0.0499935	7405824	99.2877	-1
262.951	597.31	2.2575	0.0463933	16515583	93.3705	-1
267.547	569.455	8.07084	0.0265644	8454401	96.0074	-1
267.547	569.455	8.07084	0.0265644	8454401	270.244	-1
268.233	580.473	2.41337	0.0499743	4653823	20.1946	-1
268.233	580.473	2.41337	0.0499743	4653823	212.105	-1
268.233	580.473	2.41337	0.0499743	4653823	352.505	-1
268.788	598.907	4.12083	0.0426034	9961728	278.971	-1
273.552	586.188	2.61248	0.0511642	10420991	88.6259	-1
274.194	597.059	2.33533	0.0453644	2294527	259.209	-1
275.663	517.499	1.9466	0.0525606	5833215	236.294	-1
276.336	588.904	1.81481	0.102054	786943	90.706	-1
276.336	588.904	1.81481	0.102054	786943	172.536	-1
276.848	585.617	3.00204	0.0450522	3736575	93.3245	-1
276.848	585.617	3.00204	0.0450522	3736575	332.297	-1
277.46	597.95	3.84363	0.0370987	4915456	131.643	-1
278.554	593.373	1.8451	0.0681646	1966591	190.666	-1
278.554	593.373	1.8451	0.0681646	1966591	354.601	-1
278.687	606.731	2.52566	0.0576283	7930623	266.333	-1
279.513	588.569	2.23532	0.0528508	15860223	62.6609	-1
279.513	588.569	2.23532	0.0528508	15860223	165.967	-1
281.964	596.548	2.78397	0.0748807	15008511	166.147	-1
281.964	596.548	2.78397	0.0748807	15008511	348.576	-1
283.224	526.419	15.5859	0.0950795	5898498	76.7076	-1
283.224	526.419	15.5859	0.0950795	5898498	170.047	-1
283.224	526.419	15.5859	0.0950795	5898498	261.285	-1
283.224	526.419	15.5859	0.0950795	5898498	352.144	-1
287.832	568.32	21.0643	0.0367464	10945026	261.668	-1
297.048	585.292	2.52905	0.0612113	8061695	91.3953	-1
297.521	560.917	2.08661	0.0176345	10879487	250.079	-1
297.556	587.09	51.3552	0.0603332	8585987	91.0963	-1
300.14	593.866	2.77028	0.0479286	14615295	47.1378	-1
307.014	530.862	15.0391	0.0693293	3277058	238.689	-1
307.265	498.056	2.01122	0.0458162	8192511	31.984	-1
310.301	569.35	4.06596	0.0601566	8978688	338.434	-1
311.424	563.346	1.92451	0.0634035	4981247	2.44351	-1
311.424	563.346	1.92451	0.0634035	4981247	131.613	-1
311.424	563.346	1.92451	0.0634035	4981247	245.275	-1
312.324	587.954	2.47994	0.0378753	6619903	100.809	-1
313.595	594.951	3.38938	0.0417208	12518399	77.7183	-1
315.261	567.698	2.06529	0.0767691	10093055	340.208	-1
316.307	610.783	10.7631	0.0599117	12517889	90.2812	-1
317.056	615.089	4.1352	0.0572966	10158336	92.075	-1
317.947	568.658	1.93289	0.100461	5308927	334.291	-1
321.404	595.207	3.61172	0.0441767	393472	90.2845	-1
322.074	545.582	3.23011	0.0288917	9044991	230.914	-1
322.074	545.582	3.23011	0.0288917	9044991	284.986	-1
322.172	566.091	1.87881	0.0808082	3277311	142.676	-1
323.621	600.007	3.78722	0.0512078	3801344	269.794	-1
324.435	588.391	2.03841	0.0459314	9175551	270.443	-1
325.484	615.724	2.07853	0.0507975	10551807	90.2643	-1
325.715	548.175	19.4022	0.045384	5046786	249.267	-1
326.416	585.494	2.15593	0.0634247	13238783	90.5484	-1
327.571	567.829	2.40089	0.103202	4260607	2.12317	-1
327.571	567.829	2.40089	0.103202	4260607	163.841	-1
327.571	567.829	2.40089	0.103202	4260607	327.774	-1
328.647	593.654	2.00579	0.0340562	7995903	270.372	-1
329.107	588.277	2.07592	0.0457845	10486271	93.3521	-1
329.107	588.277	2.07592	0.0457845	10486271	265.902	-1
329.317	615.863	2.59668	0.0415965	9962239	90.1974	-1
331.467	564.292	1.95479	0.0754375	6160895	23.8279	-1
331.467	564.292	1.95479	0.0754375	6160895	132.734	-1
331.518	503.793	13.1368	0.0717766	10224385	81.2696	-1
331.724	599.758	3.26051	0.0481133	9700351	271.514	-1
332.664	615.862	2.59314	0.0362059	9831167	89.991	-1
332.96	569.395	1.85435	0.0827632	2294271	318.906	-1
335.04	592.983	1.7975	0.0251188	66047	269.221	-1
335.589	595.121	3.90245	0.0435272	6029568	80.5689	-1
336.461	588.389	2.00499	0.048272	7995903	96.5771	-1
336.924	523.758	11.9579	0.071183	3408641	273.573	-1
337.026	618.721	2.56267	0.0401572	8979199	91.1305	-1
338.384	603.439	1.85996	0.0286807	2556415	271.004	-1
341.423	504.32	1.92713	0.0833655	5112319	157.188	-1
341.423	504.32	1.92713	0.0833655	5112319	227.786	-1
342.734	533.75	3.81562	0.0485432	4391168	261.131	-1
343.433	533.482	3.30944	0.0488189	10814463	261.115	-1
344.128	564.471	2.39971	0.104213	4260607	168.941	-1
344.128	564.471	2.39971	0.104213	4260607	344.58	-1
346.08	506.163	1.99849	0.0151763	7733759	86.5177	-1
347.693	615.783	2.31761	0.0470846	1704703	90.0745	-1
347.698	516.719	5.02117	0.0756748	7537152	158.705	-1
348.523	543.109	2.14313	0.022304	12780031	252.338	-1
349.36	506.116	1.91755	0.0170099	4719103	104.245	-1
349.646	566.074	1.85325	0.0824817	2294271	196.918	-1
349.646	566.074	1.85325	0.0824817	2294271	328.455	-1
349.735	588.331	2.05244	0.0463333	9634303	86.6416	-1
350.11	523.156	1.90221	0.0147941	4129279	133.078	-1
350.399	593.459	2.03118	0.0344386	8913407	269.332	-1
351.835	538.213	2.045	0.0376801	9372159	224.131	-1
352.049	558.527	2.00846	0.0690112	8061439	160.301	-1
352.163	504.436	5.11022	0.0893717	8782336	50.6333	-1
352.163	504.436	5.11022	0.0893717	8782336	272.734	-1
352.394	512.007	4.7586	0.0571095	3604992	315.421	-1
352.677	595.208	3.92829	0.0387129	6488320	91.9045	-1
352.763	525.97	2.26871	0.0156543	197375	131.244	-1
353.189	587.821	2.35351	0.0360153	2818815	90.7042	-1
355.327	538.129	2.49526	0.0430279	7078655	283.746	-1
355.941	534.543	2.42296	0.0506322	4981503	281.27	-1
356.438	545.906	10.9194	0.0396177	13566465	260.192	-1
356.525	615.642	2.07995	0.0521725	10617343	91.0964	-1
358.792	615.704	2.01451	0.0515643	8323583	89.5385	-1
360.021	603.574	2.37757	0.0298215	3605247	271.208	-1
361.004	588.37	1.99267	0.047356	7537151	77.2813	-1
361.004	588.37	1.99267	0.047356	7537151	275.242	-1
362.436	585.607	2.02343	0.0605236	8651263	90.6344	-1
362.761	500.985	11.0926	0.0689382	14680577	91.8759	-1
362.942	556.68	2.43062	0.0943504	5178111	130.929	-1
363.338	563.804	1.96302	0.0674874	6423039	317.488	-1
364.43	616.23	2.13237	0.0646463	12452351	92.0278	-1
366.062	595.176	3.99917	0.0421265	7799040	87.9088	-1
366.678	559.892	2.04652	0.0954411	9437695	337.949	-1
367.152	618.645	2.43048	0.0430842	5178111	89.6242	-1
368.013	520.14	9.29274	0.0672517	1901057	273.852	-1
368.013	520.14	9.29274	0.0672517	1901057	295.631	-1
368.641	615.726	2.13098	0.0479472	12386815	92.6064	-1
369.001	558.713	1.90346	0.0795254	4194815	338.421	-1
369.562	544.679	9.67807	0.0387666	4850177	261.182	-1
369.676	502.865	5.06583	0.0543225	8126976	198.282	-1
371.068	557.049	5.11724	0.03771	8913408	78.5293	-1
372.439	593.579	1.93477	0.0451614	5374463	270.905	-1
372.469	583.316	2.05632	0.0209446	9765375	91.3358	-1
374.046	521.228	6.245	0.0655612	6554368	136.808	-1
374.046	521.228	6.245	0.0655612	6554368	257.47	-1
375.875	596.346	1.80538	0.0573628	393727	37.5605	-1
375.875	596.346	1.80538	0.0573628	393727	89.4792	-1
375.875	596.346	1.80538	0.0573628	393727	156.942	-1
376.029	521.73	5.07052	0.0659862	8258048	134.277	-1
376.029	521.73	5.07052	0.0659862	8258048	257.83	-1
376.489	510.003	8.84963	0.0774663	15073537	335.599	-1
376.887	616.194	1.96971	0.0568802	6685183	90.3073	-1
378.632	593.519	1.92924	0.0389768	5177855	269.714	-1
378.855	619.469	3.40806	0.0396947	12911615	90.1196	-1
379.121	590.799	1.92018	0.0529793	4850175	269.37	-1
381.302	588.161	1.9205	0.0481172	4850175	268.397	-1
383.374	604.04	3.00962	0.0248779	3933183	270.354	-1
384.916	552.927	4.0801	0.0604948	9240832	103.925	-1
384.916	552.927	4.0801	0.0604948	9240832	217.986	-1
384.916	552.927	4.0801	0.0604948	9240832	349.616	-1
385.089	588.29	2.20174	0.0441103	14746111	108.991	-1
385.089	588.29	2.20174	0.0441103	14746111	279.328	-1
385.692	497.439	10.8475	0.0716302	13107713	85.7548	-1
386.159	535.287	2.01939	0.0251703	8454655	252.573	-1
389.244	599.697	4.86268	0.0508795	5177856	269.473	-1
389.709	550.611	1.93529	0.0995115	5374463	341.029	-1
392.72	551.347	2.16398	0.086043	13500927	164.592	-1
392.72	551.347	2.16398	0.086043	13500927	337.079	-1
392.978	616.001	2.28111	0.0501304	590591	89.5458	-1
393.219	511.583	14.3432	0.0647061	16581377	260.333	-1
394.594	604.02	2.87874	0.0238459	721919	265.428	-1
395.804	551.293	1.79953	0.0891687	131583	327.458	-1
396.682	499.02	4.02809	0.100328	8257792	93.7028	-1
396.682	499.02	4.02809	0.100328	8257792	256.95	-1
398.289	550.103	9.95893	0.0364869	6947329	256.626	-1
398.895	616.189	2.02817	0.0627572	8782335	87.4147	-1
400.448	545.606	1.871	0.0802947	2949631	124.737	-1
401.406	618.37	2.1028	0.0454677	11403775	88.7999	-1
402.388	510.692	4.15424	0.0988202	10551552	93.9597	-1
402.388	510.692	4.15424	0.0988202	10551552	254.928	-1
402.648	550.312	1.85605	0.0722923	2359807	329.927	-1
402.658	595.175	4.09425	0.0377038	9437440	89.8047	-1
403.448	616.189	1.904	0.0667097	4194815	89.6058	-1
403.47	546.05	1.86785	0.101573	2818559	71.8946	-1
403.47	546.05	1.86785	0.101573	2818559	340.022	-1
406.195	618.621	2.54878	0.0429545	8585983	89.2914	-1
406.833	492.795	4.39913	0.0873709	14680320	93.9649	-1
406.833	492.795	4.39913	0.0873709	14680320	260.413	-1
408.235	545.1	1.96076	0.0767994	6357503	85.6833	-1
408.235	545.1	1.96076	0.0767994	6357503	326.288	-1
409.291	503.878	4.73933	0.0926758	3342848	94.5086	-1
409.291	503.878	4.73933	0.0926758	3342848	255.967	-1
409.512	588.162	2.01341	0.0440836	8258047	88.8708	-1
409.512	588.162	2.01341	0.0440836	8258047	265.27	-1
410.935	545.347	1.84309	0.109869	1901055	163.913	-1
410.935	545.347	1.84309	0.109869	1901055	329.764	-1
413.723	498.157	5.75919	0.0600992	721664	0.714844	-1
414.426	542.071	1.9358	0.0808297	5439999	8.51825	-1
414.426	542.071	1.9358	0.0808297	5439999	142.249	-1
415.206	488.824	2.07768	0.0436165	10551807	68.1157	-1
415.344	618.088	1.94186	0.0440375	5636607	89.9797	-1
415.614	587.004	3.74445	0.0346343	3014912	300.095	-1
415.918	482.675	12.5537	0.0763197	6947585	270.289	-1
417.463	548.047	1.94167	0.0764379	5636607	298.618	-1
417.529	507.671	5.95791	0.0740611	3212032	328.901	-1
417.574	605.182	18.3671	0.0613268	1049090	87.3298	-1
417.612	544.611	1.84319	0.0833838	1901055	335.96	-1
418.62	515.436	5.08927	0.0918584	8520192	91.4554	-1
418.62	515.436	5.08927	0.0918584	8520192	257.382	-1
419.363	542.943	8.23155	0.0482382	9830657	72.2767	-1
419.363	542.943	8.23155	0.0482382	9830657	256.248	-1
420.768	582.751	5.4598	0.0802833	13566464	292.115	-1
420.77	520.399	2.27756	0.0465487	459519	260.1	-1
423.874	512.506	3.30504	0.0697624	10683391	308.022	-1
425.019	496.856	9.73127	0.0852293	5243393	76.863	-1
425.828	525.952	2.66062	0.0357249	11731711	241.785	-1
428.147	602.627	3.55534	0.0805901	15991807	54.8462	-1
429.918	594.212	5.78304	0.0589902	1049344	2.9086	-1
429.918	594.212	5.78304	0.0589902	1049344	27.2165	-1
430.16	618.566	2.4361	0.04358	5309183	88.4345	-1
430.52	594.517	5.29786	0.0592505	11403776	41.4974	-1
433.344	582.617	2.34492	0.0766421	2556671	326.16	-1
434.619	577.017	4.08216	0.0690718	9240832	90.7529	-1
434.619	577.017	4.08216	0.0690718	9240832	342.006	-1
435.361	595.025	1.93505	0.0250918	5374463	6.67865	-1
437.911	578.808	6.43322	0.0660779	8717056	165.669	-1
439.607	594.241	11.7592	0.0583649	2228993	142.231	-1
440.476	611.228	10.2018	0.0675614	8651265	87.007	-1
443.864	569.968	3.22898	0.0217357	8979455	198.546	-1
448.504	612.031	1.83258	0.0471819	1442303	316.97	-1
449.166	556.984	2.37102	0.0220271	3408639	210.259	-1
449.997	578.669	1.93976	0.0397406	5571071	5.45062	-1
452.488	580.109	2.15357	0.0499432	13107711	164.975	-1
452.488	580.109	2.15357	0.0499432	13107711	328.003	-1
453.57	493.717	2.07145	0.0612856	10355199	127.77	-1
454.209	584.075	2.93911	0.0443945	2229247	169.818	-1
454.209	584.075	2.93911	0.0443945	2229247	332.955	-1
454.439	560.142	2.08663	0.0633474	10879487	27.584	-1
455.051	506.79	9.90797	0.0846549	6554113	154.609	-1
455.626	579.384	2.01908	0.0499463	8454655	328.945	-1
456.823	563.955	1.81361	0.0541931	721407	340.992	-1
458.891	576.417	2.06619	0.035122	10158591	80.6193	-1
458.891	576.417	2.06619	0.035122	10158591	235.177	-1
460.001	614.671	3.36454	0.0738862	11994111	90.0121	-1
460.311	585.701	2.06168	0.0452348	9961983	81.6627	-1
460.311	585.701	2.06168	0.0452348	9961983	185.9	-1
462.449	547.897	5.10102	0.0328746	8651264	221.806	-1
464.122	562.524	2.52842	0.0282801	8061695	74.7864	-1
464.122	562.524	2.52842	0.0282801	8061695	85.7055	-1
464.751	598.859	4.6942	0.0497666	2621952	116.476	-1
465.103	545.596	1.98333	0.0370174	7209471	293.012	-1
465.288	584.001	2.36433	0.0287322	3146495	45.6428	-1
465.288	584.001	2.36433	0.0287322	3146495	209.433	-1
466.417	569.807	3.15298	0.0412523	7275519	8.49261	-1
466.648	607.378	6.26971	0.0544492	6882048	120.295	-1
468.483	555.695	3.30401	0.0282395	10683391	198.804	-1
468.483	555.695	3.30401	0.0282395	10683391	266.333	-1
469.425	578.967	3.1085	0.0275892	6226943	0.543549	-1
472.474	600.516	3.21141	0.0335103	8586239	278.806	-1
474.529	584.959	2.04272	0.041822	9306623	204.272	-1
474.623	593.267	2.12995	0.0432243	12321279	80.2467	-1
475.646	533.512	6.225	0.0290689	6357760	228.96	-1
475.879	568.164	1.82779	0.0428437	1245695	79.5292	-1
477.662	555.038	2.02093	0.0314587	8520191	52.497	-1
477.662	555.038	2.02093	0.0314587	8520191	99.2386	-1
477.662	555.038	2.02093	0.0314587	8520191	228.616	-1
478.236	543.533	3.41698	0.030045	13108223	8.04416	-1
478.589	585.18	3.04415	0.0318048	4719615	69.0674	-1
478.6	576.489	1.91769	0.0392953	4719103	306.789	-1
478.67	600.696	1.83667	0.0406341	1638911	274.364	-1
478.698	550.099	97.1601	0.0844316	4588292	90.0616	-1
478.698	550.099	97.1601	0.0844316	4588292	271.214	-1
480.314	536.572	1.8087	0.0672044	524799	57.8719	-1
480.537	570.937	1.99876	0.027709	7733759	113.463	-1
480.537	570.937	1.99876	0.027709	7733759	251.598	-1
481.011	591.987	3.07704	0.0395123	5506047	89.3265	-1
481.198	608.643	13.9651	0.0315061	14680833	90.9407	-1
482.079	563.062	2.21955	0.0323905	15335935	68.4436	-1
482.27	552.139	2.111	0.0408814	11665919	54.1499	-1
482.27	552.139	2.111	0.0408814	11665919	249.721	-1
482.333	528.673	1.97954	0.0487711	7012863	59.6896	-1
482.432	582.608	1.96151	0.0506453	6357503	351.725	-1
482.929	600.06	2.01323	0.0420388	8258047	77.6238	-1
484.363	575.584	2.5621	0.0326312	8979199	212.522	-1
489.105	593.611	2.03073	0.0434662	8913407	88.9837	-1
490.004	480.425	1.93705	0.0179998	5439999	277.082	-1
490.274	532.175	2.63216	0.0390485	10945279	277.139	-1
491.201	588.397	1.86099	0.0388684	2556415	53.6741	-1
491.204	574.514	2.68026	0.0236152	12255999	242.531	-1
493.149	615.189	4.18686	0.0633118	11075840	89.8779	-1
493.192	605.546	1.93883	0.0513807	5505535	60.6153	-1
493.717	581.484	1.93412	0.0323843	5374463	58.6124	-1
494.067	563.756	1.8256	0.0519348	1180159	245.077	-1
494.194	596.994	2.88389	0.0420371	852991	81.6711	-1
494.986	525.754	2.34918	0.0422834	2687743	246.222	-1
496.825	534.951	1.92108	0.0584432	4850175	64.9267	-1
496.825	534.951	1.92108	0.0584432	4850175	163.878	-1
496.825	534.951	1.92108	0.0584432	4850175	277.323	-1
497.301	550.83	2.05419	0.0596136	9699839	269.141	-1
497.301	550.83	2.05419	0.0596136	9699839	338.417	-1
498.003	600.286	2.28908	0.0546558	852735	90.7654	-1
498.517	615.056	4.01965	0.0709931	8126720	90.0186	-1
498.931	524.464	2.39088	0.0456797	3998463	81.932	-1
499.038	539.823	3.84679	0.0216018	4980992	33.3169	-1
499.243	539.39	1.92171	0.0250962	4915711	20.7871	-1
499.873	582.693	1.83285	0.0343801	1442303	236.535	-1
500.02	572.674	1.97569	0.0326938	6881791	218.164	-1
500.25	587.452	8.50744	0.0214287	12255489	71.1597	-1
501.584	536.449	2.77855	0.0323438	14877439	41.248	-1
502.601	616.44	1.85229	0.0761924	2228735	90.5238	-1
503.839	532.384	2.45183	0.0342864	5833471	41.8894	-1
503.839	532.384	2.45183	0.0342864	5833471	200.751	-1
506.104	578.466	2.11002	0.0441323	11665919	55.2983	-1
507.729	603.033	1.99127	0.0411644	7471615	91.2403	-1
508.803	527.701	1.86157	0.0545109	2621951	291.896	-1
508.82	518.482	3.27704	0.0235393	10093567	269.12	-1
509.16	548.404	2.1949	0.0555989	14483967	52.6294	-1
509.16	548.404	2.1949	0.0555989	14483967	312.42	-1
512.593	539.9	2.38561	0.0315978	3801855	73.2726	-1
513.983	591.899	2.43948	0.0533549	5440255	67.5305	-1
513.983	591.899	2.43948	0.0533549	5440255	226.998	-1
515.27	569.673	2.05407	0.028005	9699839	38.2354	-1
515.27	569.673	2.05407	0.028005	9699839	222.436	-1
517.493	567.26	2.0322	0.0290973	8913407	23.4252	-1
517.493	567.26	2.0322	0.0290973	8913407	48.2866	-1
517.493	567.26	2.0322	0.0290973	8913407	216.846	-1
518.167	560.459	3.04172	0.0259548	4719615	14.0365	-1
519.081	575.649	4.45923	0.0184744	15663360	44.342	-1
519.176	538.064	1.82541	0.0421339	1180159	349.481	-1
520.461	535.449	1.83238	0.0590134	1442303	154.264	-1
520.461	535.449	1.83238	0.0590134	1442303	341.638	-1
521.472	592.506	2.1736	0.0823635	13828607	76.4077	-1
521.557	531.581	1.85384	0.052852	2294271	163.57	-1
521.557	531.581	1.85384	0.052852	2294271	314.627	-1
522.921	555.045	1.89058	0.0455011	3736063	90.1147	-1
524.145	537.797	2.05752	0.055524	9830911	157.083	-1
524.181	565.767	2.35439	0.0189918	2884351	209.922	-1
526.647	539.315	1.86427	0.0484195	2687487	174.083	-1
527.038	528.341	17.4079	0.0248063	13893890	322.773	-1
527.9	591.327	4.00764	0.0433466	7930112	50.4496	-1
529.928	533.164	3.44568	0.0244227	13698047	332.159	-1
530.012	551.92	7.31244	0.0193551	1310977	4.85367	-1
530.885	539.52	3.81722	0.0247321	4391168	350.449	-1
531.714	546.842	4.9683	0.019855	6750720	353.45	-1
532.117	597.748	2.33037	0.0436842	2163455	43.0005	-1
532.133	594.06	2.55989	0.0572171	8913663	250.359	-1
532.578	527.387	3.93963	0.019169	6684928	322.701	-1
533.397	615.209	3.74249	0.0518929	2949376	85.5754	-1
534.064	532.661	2.00947	0.023155	8126975	330.803	-1
536.715	564.761	1.90342	0.0279225	4194815	206.451	-1
538.078	561.786	1.83252	0.0313297	1442303	201.874	-1
539.056	490.055	3.13688	0.0615029	6947839	165.85	-1
539.056	490.055	3.13688	0.0615029	6947839	257.633	-1
539.088	520.566	2.06811	0.055224	10224127	329.083	-1
540.929	534.99	1.93406	0.0193167	5374463	332.706	-1
542.151	614.796	3.11678	0.0637643	6423551	89.8107	-1
542.951	618.561	2.57507	0.034149	9372415	89.6301	-1
545.471	487.76	14.8845	0.0237151	2556162	268.117	-1
546.268	493.956	4.73909	0.0727863	3342848	342.015	-1
548.462	589.486	2.70415	0.0459716	12911359	87.1451	-1
548.462	589.486	2.70415	0.0459716	12911359	262.029	-1
548.591	580.312	3.2408	0.0770139	9241599	197.263	-1
548.677	560.992	5.23063	0.0797685	10486272	185.023	-1
549.3	579.781	3.80143	0.0764585	4129024	196.254	-1
550.808	532.923	10.7487	0.0525946	12452353	253.674	-1
550.808	532.923	10.7487	0.0525946	12452353	329.63	-1
550.895	614.917	3.3307	0.0575895	11273215	90.5558	-1
550.966	518.379	26.0633	0.0360737	9634562	265.993	-1
550.966	518.379	26.0633	0.0360737	9634562	313.579	-1
551.131	489.238	3.3722	0.0622891	12125183	264.902	-1
554.843	558.312	4.33602	0.0573918	13631744	181.223	-1
555.779	614.979	3.08241	0.0625985	5637119	88.0921	-1
555.924	522.877	3.19944	0.0764788	8324095	95.0641	-1
555.924	522.877	3.19944	0.0764788	8324095	263.358	-1
556.301	516.95	4.74329	0.0780398	3408384	200.858	-1
556.301	516.95	4.74329	0.0780398	3408384	328.195	-1
556.66	492.371	3.90965	0.0731556	6160640	139.668	-1
556.956	618.207	2.16878	0.0336286	13631999	87.3321	-1
559.297	505.757	13.6354	0.0402674	12911361	246.731	-1
560.129	550.981	4.58137	0.0321182	918016	86.324	-1
560.543	488.549	3.37077	0.0632261	12125183	138.863	-1
560.543	488.549	3.37077	0.0632261	12125183	264.042	-1
560.927	614.747	3.512	0.0467349	15074303	88.5345	-1
562.43	560.416	1.95144	0.0360072	6029823	79.8941	-1
562.43	560.416	1.95144	0.0360072	6029823	212.894	-1
562.443	520.818	5.12312	0.0682255	8978944	87.0259	-1
562.443	520.818	5.12312	0.0682255	8978944	221.475	-1
562.58	522.927	2.00601	0.0691889	7995903	79.8037	-1
563.664	489.943	1.84931	0.0774304	2097663	334.777	-1
563.758	591.024	1.9004	0.0356345	4063743	80.1041	-1
563.758	591.024	1.9004	0.0356345	4063743	261.827	-1
564.003	552.772	2.07641	0.0308878	10486271	259.335	-1
565.361	524.866	2.69789	0.0533505	12714751	89.7091	-1
566.452	491.414	3.69347	0.0799721	2031872	166.368	-1
566.452	491.414	3.69347	0.0799721	2031872	357.422	-1
567.379	614.755	3.21576	0.0591212	8717311	91.046	-1
568.003	587.004	2.54269	0.0334649	8454911	260.453	-1
568.527	556.996	5.05857	0.0341101	8061440	277.425	-1
568.582	515.546	5.17744	0.0874832	9765376	184.395	-1
568.771	521.873	3.15169	0.0726243	7275519	91.4321	-1
569.905	487.27	2.78765	0.0625254	15074047	266.85	-1
570.856	550.939	4.0881	0.0329225	9371904	90.2725	-1
571.151	586.734	2.55721	0.0356957	8848127	260.438	-1
571.291	589.942	2.03102	0.0354525	8913407	262.532	-1
571.551	493.169	3.11815	0.0809109	6489087	172.23	-1
571.551	493.169	3.11815	0.0809109	6489087	338.496	-1
572.92	489.034	1.91373	0.0752598	4588031	77.0853	-1
572.92	489.034	1.91373	0.0752598	4588031	333.988	-1
573.669	589.189	2.56103	0.0369864	8979199	80.0406	-1
573.669	589.189	2.56103	0.0369864	8979199	261.015	-1
574.113	520.769	3.95772	0.0622439	7012608	75.1851	-1
574.879	567.734	2.53651	0.0746295	8258303	87.9036	-1
574.879	567.734	2.53651	0.0746295	8258303	272.3	-1
575.123	521.547	2.1674	0.0653686	13566463	73.0627	-1
575.172	551.329	1.84603	0.0558967	1966591	260.375	-1
575.182	564.117	2.56455	0.0511475	9044735	88.4858	-1
577.006	592.195	2.61046	0.0434943	10355455	85.2085	-1
577.006	592.195	2.61046	0.0434943	10355455	264.089	-1
577.012	562.023	36.1852	0.0534873	16646403	99.2407	-1
577.012	562.023	36.1852	0.0534873	16646403	267.242	-1
577.079	491.786	4.95042	0.0723112	6488576	341.253	-1
577.454	555.558	2.30803	0.0365602	1442559	89.9313	-1
577.454	555.558	2.30803	0.0365602	1442559	269.41	-1
577.709	543.874	5.49201	0.0536614	14025216	274.068	-1
578.385	577.44	2.14018	0.0306599	12714495	87.3701	-1
579.04	601.423	9.49335	0.0187906	3473921	98.7213	-1
579.201	551.146	3.51754	0.0303613	15205375	83.3203	-1
579.201	551.146	3.51754	0.0303613	15205375	270.639	-1
579.394	488.966	2.03317	0.0641183	8978943	165.855	-1
579.787	588.807	2.96751	0.0304567	2884607	115.5	-1
580.179	564.288	2.70267	0.0480856	12845823	99.0494	-1
580.964	597.023	5.49056	0.0179832	13959680	145.038	-1
581.161	516.352	2.74034	0.0689137	13828863	270.365	-1
581.161	516.352	2.74034	0.0689137	13828863	350.733	-1
581.558	486.537	2.90862	0.0606344	1442815	266.216	-1
583.124	520.427	3.34991	0.072155	11666431	92.8231	-1
583.124	520.427	3.34991	0.072155	11666431	264.08	-1
583.141	513.908	5.41245	0.0860349	12976640	344.667	-1
583.187	492.227	3.06556	0.0812466	5243903	163.146	-1
583.187	492.227	3.06556	0.0812466	5243903	339.178	-1
583.761	591.218	2.49073	0.0405155	6947583	112.804	-1
584.415	488.399	1.93044	0.0719168	5243391	78.2215	-1
584.415	488.399	1.93044	0.0719168	5243391	334.362	-1
584.617	564.496	2.45406	0.0464363	5899007	89.1822	-1
584.617	564.496	2.45406	0.0464363	5899007	271.876	-1
584.847	442.983	94.6408	0.0411657	2687748	265.821	-1
585.411	532.621	12.1366	0.0333364	4522753	272.707	-1
585.606	587.957	2.01614	0.0254097	8389119	82.6324	-1
585.606	587.957	2.01614	0.0254097	8389119	263.619	-1
586.107	584.836	2.49271	0.0360806	7013119	275.539	-1
586.845	515.996	2.48155	0.070845	6685439	256.655	-1
588.342	564.001	2.56719	0.056925	9110271	84.8734	-1
588.342	564.001	2.56719	0.056925	9110271	265.135	-1
588.68	490.826	4.81316	0.0667696	4456960	129.146	-1
588.68	490.826	4.81316	0.0667696	4456960	343.068	-1
589.273	590.752	2.61937	0.0307004	10617599	347.166	-1
589.961	488.039	2.00146	0.0559533	7864831	133.756	-1
590.171	519.439	4.15037	0.0624514	10486016	88.4324	-1
590.202	560.93	2.04425	0.0841833	9372159	92.1417	-1
590.202	560.93	2.04425	0.0841833	9372159	267.462	-1
591.802	564.105	2.8335	0.0472709	16253695	86.1958	-1
592.116	604.369	6.56165	0.0249161	10158848	158.507	-1
592.116	604.369	6.56165	0.0249161	10158848	344.731	-1
592.846	523.068	2.52134	0.0526606	7799551	86.2505	-1
593.106	556.911	4.23505	0.0340064	11927808	41.0466	-1
593.106	556.911	4.23505	0.0340064	11927808	92.7502	-1
593.106	556.911	4.23505	0.0340064	11927808	271.477	-1
593.211	615.462	3.63571	0.0556176	852224	95.3978	-1
593.223	486.597	3.55816	0.0705541	16057343	136.694	-1
593.383	567.466	1.80242	0.0967431	262655	92.7029	-1
593.383	567.466	1.80242	0.0967431	262655	270.814	-1
594.198	514.264	3.91587	0.0914924	6226176	172.965	-1
594.198	514.264	3.91587	0.0914924	6226176	347.064	-1
594.98	519.49	3.24502	0.0637122	9372671	85.7457	-1
595.771	564.465	2.04832	0.0495654	9503231	93.1583	-1
595.874	544.258	6.1242	0.05158	5178112	268.705	-1
596.268	515.337	2.19515	0.0758201	14549503	161.984	-1
596.268	515.337	2.19515	0.0758201	14549503	258.114	-1
596.319	609.063	1.96688	0.0272529	6554111	79.9216	-1
596.638	487.491	1.88276	0.0742307	3408383	334.802	-1
598.589	586.428	13.4369	0.0316609	11862785	115.038	-1
598.778	484.742	1.89009	0.07168	3670527	268.5	-1
598.922	522.419	2.15958	0.0514117	13304319	79.5861	-1
598.934	488.494	3.3438	0.0797718	11535359	343.124	-1
599.938	554.983	2.20199	0.0421572	14746111	62.1883	-1
600.175	517.595	4.90456	0.0661266	5833216	77.1914	-1
600.355	487.389	2.0794	0.0657057	10617343	166.787	-1
600.549	519.55	1.93199	0.0677125	5308927	73.954	-1
600.739	526.463	6.42055	0.0354426	8585984	80.3971	-1
601.775	582.604	2.65253	0.0482992	11469567	107.018	-1
602.292	530.341	2.52919	0.0534167	8061695	265.507	-1
602.292	530.341	2.52919	0.0534167	8061695	315.289	-1
602.887	615.272	4.68512	0.0529468	2490880	92.976	-1
602.911	485.069	3.10588	0.0681122	6226943	263.019	-1
603.202	489.552	2.10289	0.0790141	11403775	165.699	-1
603.338	521.477	2.71557	0.0527484	13173503	96.1013	-1
603.876	560.482	2.63206	0.0944263	10945279	100.207	-1
603.876	560.482	2.63206	0.0944263	10945279	252.973	-1
605.149	512.324	4.80341	0.0816221	4325888	311.241	-1
605.433	571.833	2.12205	0.0234878	12059135	33.4122	-1
606.4	518.481	3.09583	0.0692623	5964799	93.4549	-1
607.646	563.285	3.21596	0.0440921	8717311	258.481	-1
607.793	514.412	2.22028	0.0718752	15335935	172.406	-1
607.793	514.412	2.22028	0.0718752	15335935	261.977	-1
608.633	658.437	76.5973	0.0428703	4063748	101.714	-1
609.436	490.318	5.06997	0.0726915	8192512	165.509	-1
609.456	567.08	1.93308	0.0325738	5308927	52.6612	-1
610.164	511.72	2.45548	0.0654809	5899007	170	-1
610.236	507.727	4.04576	0.0752411	8585472	162.976	-1
611.317	517.188	4.29596	0.0672688	12976384	82.8878	-1
611.419	609.113	1.85605	0.0305502	2359807	96.1179	-1
611.817	556.138	3.34539	0.0346459	11600895	93.9632	-1
611.949	518.496	1.97367	0.0613887	6816255	74.2947	-1
612.486	481.433	3.07548	0.026029	5506047	284.101	-1
612.538	604.375	6.12696	0.0257868	5178112	346.452	-1
612.642	604.568	5.96821	0.0259735	3277568	347.053	-1
612.709	569.274	2.94235	0.0136464	2294783	214.504	-1
613.914	504.27	3.16258	0.0891505	7537663	173.451	-1
613.932	562.689	1.90265	0.0369742	4194815	253.628	-1
614.85	520.683	2.61201	0.0523638	10355455	86.1022	-1
615.037	552.279	2.00155	0.0482007	7864831	182.494	-1
615.037	552.279	2.00155	0.0482007	7864831	300.18	-1
615.148	616.349	4.82983	0.0574768	4719104	94.0561	-1
615.344	585.123	4.71269	0.0462796	2949632	132.301	-1
616.159	512.317	4.28054	0.108085	12714240	128.463	-1
616.159	512.317	4.28054	0.108085	12714240	169.561	-1
616.159	512.317	4.28054	0.108085	12714240	208.722	-1
616.159	512.317	4.28054	0.108085	12714240	308.232	-1
618.426	591.842	1.84006	0.0451875	1769983	134.185	-1
618.679	655.933	70.2891	0.0427354	14549252	104.755	-1
620.259	573.206	1.99909	0.0134668	7733759	269.029	-1
621.836	515.711	4.15736	0.0853342	10551552	38.0335	-1
621.904	618.055	2.05295	0.0669785	9699839	95.9826	-1
621.954	511.549	2.70383	0.0748443	12911359	329.691	-1
623.731	616.663	5.50303	0.0601444	14156288	96.6974	-1
624.174	551.07	13.4106	0.047354	11731713	263.553	-1
624.442	606.259	8.3854	0.049583	11206913	135.01	-1
625.842	575.456	3.10793	0.02264	6226943	91.8294	-1
629.167	538.885	4.13204	0.0762366	10158336	268.274	-1
629.897	562.441	1.91659	0.0266319	4719103	96.9338	-1
630.503	574.057	1.82422	0.0247113	1114623	19.6924	-1
630.521	540.002	2.271	0.0827709	262911	266.984	-1
630.544	596.93	8.63425	0.0386424	13304065	131.029	-1
630.833	504.478	2.78363	0.0452965	15008511	151.047	-1
631.238	512.592	8.40588	0.0556314	11337985	154.985	-1
631.238	512.592	8.40588	0.0556314	11337985	196.82	-1
632.532	570.118	2.51629	0.0331255	7668479	27.7781	-1
633.794	582.015	1.99961	0.0559805	7799295	101.825	-1
633.834	559.951	2.0149	0.0162272	8323583	60.9893	-1
634.069	494.775	8.24496	0.0597386	9961729	166.853	-1
634.069	494.775	8.24496	0.0597386	9961729	224.441	-1
634.231	534.839	4.43977	0.040397	15335680	169.095	-1
634.972	551.143	2.95159	0.0155063	2491391	7.97733	-1
634.972	551.143	2.95159	0.0155063	2491391	331.382	-1
636.336	529.941	1.91997	0.0158274	4850175	255.504	-1
636.902	546.813	2.66512	0.030929	11862783	336.5	-1
637.46	562.8	2.52599	0.026316	7930623	69.8339	-1
638.008	615.406	1.85048	0.0646544	2163199	255.622	-1
638.441	580.963	5.16334	0.0448595	9568768	92.6749	-1
641.782	617.89	4.97732	0.0589217	6881792	96.235	-1
641.911	574.367	1.87729	0.0298481	3211775	181.416	-1
642.241	600.572	2.18171	0.0338479	14090751	324.958	-1
643.559	556.633	6.38547	0.0266793	8192768	5.23352	-1
644.043	550.874	1.95808	0.0246505	6226431	121.174	-1
645.022	546.843	2.7209	0.0227911	13304575	127.845	-1
645.421	559.93	2.11934	0.0193178	11993599	279.578	-1
645.744	553.738	4.15661	0.0247528	10551552	182.718	-1
646.433	535.565	19.4617	0.0361151	5243394	337.247	-1
646.589	530.612	1.96406	0.0215943	6488575	310.6	-1
647.522	537.1	2.69331	0.0206323	12583679	320.807	-1
648.38	506.321	2.72525	0.114914	13435647	193.019	-1
649.32	591.038	13.1604	0.0519866	10355457	83.1289	-1
649.89	575.379	11.7284	0.0399794	2032385	83.9965	-1
649.998	500.05	3.95402	0.051225	6947072	328.32	-1
650.38	557.011	3.44524	0.027268	13698047	4.8555	-1
650.38	557.011	3.44524	0.027268	13698047	188.897	-1
650.668	536.89	1.90706	0.0198399	4325887	320.535	-1
651.036	618.116	1.81544	0.0184786	786943	215.592	-1
651.085	621.503	1.927	0.0572032	5112319	110.919	-1
651.541	483.099	1.9405	0.0186914	5571071	267.826	-1
653.825	553.86	2.04407	0.0157392	9372159	0.975525	-1
653.857	545.255	1.93206	0.0174172	5308927	8.28516	-1
654.359	611.091	2.63746	0.084557	11076351	270.838	-1
655.544	561.151	5.07516	0.0229812	8323584	230.085	-1
655.842	497.454	4.71416	0.0584094	2949632	242.173	-1
655.842	497.454	4.71416	0.0584094	2949632	325.658	-1
656.854	514.024	1.99011	0.0162943	7406079	174.114	-1
658.553	619.803	8.44044	0.0648725	11665665	109.667	-1
659.625	501.029	2.8436	0.0559127	16515839	242.893	-1
659.868	585.129	7.54664	0.0577633	3539201	81.3328	-1
662.406	560.53	1.83582	0.0178402	1573375	212.448	-1
662.809	583.937	6.03864	0.0593211	4129536	83.0765	-1
663.15	513.961	1.85256	0.0378201	2228735	358.369	-1
663.493	625.517	2.01941	0.059277	8454655	103.788	-1
664.369	559.048	4.12959	0.0219812	10092800	267.349	-1
664.404	583.296	5.21873	0.0599934	10289664	82.1101	-1
664.684	501.855	1.96137	0.0311181	6357503	311.742	-1
665.536	592.399	6.73151	0.0365736	11993856	220.755	-1
668.584	502.379	7.00716	0.0695377	14942976	71.039	-1
668.584	502.379	7.00716	0.0695377	14942976	276.127	-1
668.921	580.161	1.97865	0.068573	7012863	73.9837	-1
670.184	505.433	2.52339	0.056407	7865087	79.226	-1
672.897	502.51	1.89886	0.0326459	4063743	68.0587	-1
673.086	515.958	12.3371	0.0743075	5702401	170.395	-1
673.393	537.823	13.0807	0.0770787	9896705	188.88	-1
673.393	537.823	13.0807	0.0770787	9896705	354.992	-1
674.456	563.921	3.96497	0.0155509	7143680	8.39343	-1
676.43	522.35	3.00634	0.0186537	3867647	178.624	-1
676.441	497.288	2.59518	0.0897914	9896703	163.842	-1
676.441	497.288	2.59518	0.0897914	9896703	280.023	-1
676.507	560.675	109.479	0.0854179	13173508	98.0546	-1
677.07	532.633	3.07761	0.0186159	5506047	179.299	-1
678.448	506.099	1.9498	0.0883661	5964287	78.1723	-1
678.448	506.099	1.9498	0.0883661	5964287	161.776	-1
679.625	538.839	5.04182	0.0483588	7799296	218.277	-1
679.998	527.768	4.21037	0.0421333	11469056	179.537	-1
681.451	547.874	7.14386	0.040881	16319232	220.235	-1
681.57	547.869	7.22478	0.0408197	393473	218.993	-1
682.272	542.118	2.11942	0.0317554	11993599	219.789	-1
683.825	478.087	18.5342	0.0703722	1704450	249.568	-1
685.763	558.688	7.79319	0.0182642	5898497	5.8407	-1
685.763	558.688	7.79319	0.0182642	5898497	221.284	-1
686.494	553.854	1.92759	0.0151024	5112319	111.191	-1
689.609	545.436	12.8861	0.0452115	8848129	208.828	-1
691.751	501.715	5.10528	0.0314571	8716800	346.161	-1
696.807	512.638	3.0375	0.0277489	4588543	350.023	-1
699.084	559.499	4.8506	0.0393971	5046784	9.76526	-1
699.592	552.764	2.54625	0.027085	8520447	359.669	-1
700.685	490.741	4.18436	0.0870693	11075840	159.878	-1
700.752	496.997	3.68567	0.0977712	1835264	76.9448	-1
700.752	496.997	3.68567	0.0977712	1835264	175.65	-1
700.752	496.997	3.68567	0.0977712	1835264	357.1	-1
700.852	494.514	2.42227	0.0929205	4915967	256.399	-1
700.852	494.514	2.42227	0.0929205	4915967	322.614	-1
701.144	546.261	1.97976	0.0510559	7078399	354.741	-1
701.688	503.438	4.34055	0.0932831	13697280	191.329	-1
702.954	532.745	4.25823	0.103559	12321024	179.477	-1
702.954	532.745	4.25823	0.103559	12321024	359.357	-1
703.469	520.928	3.85646	0.0980467	5112064	351.601	-1
704.779	510.449	2.55462	0.053099	8782591	178.605	-1
705.232	561.184	5.07518	0.0965078	8323584	11.383	-1
706.893	491.894	2.47349	0.0347958	6423295	168.157	-1
707.023	531.816	2.5583	0.0426347	8848127	178.317	-1
708.612	583.366	6.07505	0.108521	4588288	340.926	-1
708.899	493.456	4.28377	0.0353502	12714240	169.532	-1
709.166	455.843	8.38702	0.0563624	11206913	241.203	-1
724.514	452.09	4.42314	0.0648008	15073536	236.621	-1
724.514	452.09	4.42314	0.0648008	15073536	274.065	-1
725.07	615.021	53.5208	0.0914428	11535107	105.525	-1
725.07	615.021	53.5208	0.0914428	11535107	350.939	-1
726.244	456.094	10.464	0.0623574	10486273	242.734	-1
726.244	456.094	10.464	0.0623574	10486273	269.61	-1
743.623	554.483	2.70018	0.0602388	12780287	6.13034	-1
743.623	554.483	2.70018	0.0602388	12780287	327.321	-1
750.561	551.503	13.2247	0.0589882	10748673	3.80557	-1
750.561	551.503	13.2247	0.0589882	10748673	342.346	-1
752.405	550.519	15.8077	0.0585046	6881538	346.607	-1
761.196	457.572	1.7997	0.0828532	131583	5.52475	-1
761.196	457.572	1.7997	0.0828532	131583	283.981	-1
762.955	459.972	1.93213	0.0480257	5308927	9.46198	-1
769.033	642.3	2.20074	0.0830135	14680575	78.3834	-1
769.033	642.3	2.20074	0.0830135	14680575	353.24	-1
