428.078	608.482	2.83394	0.108795	16253695	307.72	-1
185.931	159.279	2.03373	0.0800587	8978943	181.944	-1
185.956	402.261	1.92159	0.0810815	4915711	179.944	-1
585.093	789.422	2.48286	0.094367	6685439	355.403	-1
585.093	789.422	2.48286	0.094367	6685439	185.163	-1
584.535	780.516	3.44892	0.0914373	13763583	177.947	-1
187.066	162.341	4.11475	0.0790647	9830656	183.572	-1
187.066	162.341	4.11475	0.0790647	9830656	317.718	-1
579.993	476.444	13.0828	0.0914801	9962241	205.556	-1
579.825	907.803	2.99129	0.0890792	3474431	176.509	-1
577.434	845.587	2.00899	0.0891492	8126975	155.453	-1
577.434	845.587	2.00899	0.0891492	8126975	26.6047	-1
576.707	918.023	1.90257	0.102987	4194815	263.121	-1
576.295	911.202	3.21085	0.106632	8586239	177.862	-1
576.295	911.202	3.21085	0.106632	8586239	17.0377	-1
575.082	789.449	2.40505	0.0955459	4391679	355.334	-1
575.082	789.449	2.40505	0.0955459	4391679	184.382	-1
574.519	780.426	3.26402	0.0910184	9765887	177.78	-1
574.153	907.038	2.51505	0.0809029	7668479	54.8892	-1
189.31	169.198	8.17918	0.0771081	9371905	183.024	-1
189.31	169.198	8.17918	0.0771081	9371905	311.322	-1
573.154	919.635	2.09244	0.0912216	11076095	300.557	-1
571.531	806.759	1.9797	0.100626	7078399	336.888	-1
571.531	806.759	1.9797	0.100626	7078399	176.742	-1
567.154	903.885	3.05663	0.0886572	5047295	93.4759	-1
566.061	806.779	1.97411	0.0923637	6816255	177.92	-1
563.838	876.941	1.86542	0.0916774	2753023	272.85	-1
563.838	876.941	1.86542	0.0916774	2753023	39.924	-1
563.502	787.756	2.05797	0.0953376	9830911	163.731	-1
563.502	787.756	2.05797	0.0953376	9830911	12.2785	-1
563.479	787.624	2.17268	0.094683	13763071	168.883	-1
563.479	787.624	2.17268	0.094683	13763071	7.95276	-1
563.464	781.202	2.02329	0.0944696	8651263	345.582	-1
563.464	781.202	2.02329	0.0944696	8651263	196.253	-1
562.447	915.201	2.50764	0.0990845	7406335	199.903	-1
562.447	915.201	2.50764	0.0990845	7406335	11.2636	-1
560.421	903.343	2.33214	0.0956694	2163455	277.155	-1
560.421	903.343	2.33214	0.0956694	2163455	85.0507	-1
558.914	872.243	1.98559	0.0930015	7275007	176.984	-1
555.71	790.02	1.95227	0.0941559	6029823	266.293	-1
193.084	514.713	1.94362	0.0862372	5702143	358.573	-1
555.71	790.02	1.95227	0.0941559	6029823	100.012	-1
555.628	859.044	1.86141	0.0963139	2621951	176.387	-1
554.177	915.694	2.03248	0.0872663	8978943	332.236	-1
554.177	915.694	2.03248	0.0872663	8978943	206.553	-1
553.557	904.065	3.14496	0.0925613	7078911	177.156	-1
553.557	904.065	3.14496	0.0925613	7078911	34.242	-1
552.482	781.677	2.29291	0.0982773	983807	234.519	-1
552.482	781.677	2.29291	0.0982773	983807	38.0029	-1
551.369	909.838	1.89499	0.112904	3867135	29.0167	-1
551.369	909.838	1.89499	0.112904	3867135	6.75433	-1
549.976	789.287	2.9888	0.0850383	3408895	272.263	-1
549.123	780.802	2.12512	0.0944924	12190207	226.05	-1
549.123	780.802	2.12512	0.0944924	12190207	25.6988	-1
548.552	863.905	1.89878	0.0843376	3998207	271.471	-1
548.234	912.029	2.44863	0.0882953	5702399	278.475	-1
548.234	912.029	2.44863	0.0882953	5702399	21.6825	-1
543.969	782.704	2.07522	0.112451	10486271	92.037	-1
543.968	789.869	2.03773	0.112104	9110015	270.108	-1
543.853	530.49	25.1629	0.0767834	7078658	209.702	-1
543.791	848.101	2.45161	0.0988603	5767935	3.81647	-1
537.517	780.353	2.3696	0.0791401	3343103	177.209	-1
537.407	859.039	1.92595	0.0967184	5046783	176.022	-1
536.233	784.18	2.5717	0.0757864	9241343	322.555	-1
536.233	784.18	2.5717	0.0757864	9241343	173.43	-1
536.233	784.18	2.5717	0.0757864	9241343	30.2814	-1
534.694	787.543	2.27269	0.102632	328447	321.172	-1
534.694	787.543	2.27269	0.102632	328447	122.61	-1
534.572	781.266	2.01129	0.107359	8192511	47.5693	-1
531.812	834.988	2.43421	0.0979473	5309183	359.291	-1
531.443	780.484	1.95106	0.0940421	5964287	227.677	-1
531.368	788.785	2.2686	0.0948301	197375	316.38	-1
531.368	788.785	2.2686	0.0948301	197375	123.33	-1
529.815	862.885	1.91614	0.0817236	4719103	162.211	-1
527.954	858.585	1.90005	0.0913556	4063743	154.751	-1
526.508	779.307	2.6291	0.0874356	10879743	92.3508	-1
525.889	845.789	1.86296	0.0882079	2621951	142.691	-1
525.015	185.5	2.40513	0.0768068	4391679	272.024	-1
525.015	185.5	2.40513	0.0768068	4391679	94.5555	-1
523.932	860.709	2.12628	0.0844303	12190207	18.8276	-1
521.513	858.57	2.08619	0.0788906	10813951	93.7027	-1
519.285	575.846	16.7959	0.0910244	11272450	227.941	-1
515.628	887.341	2.44984	0.0984177	5767935	181.951	-1
514.639	375.685	2.10589	0.0891083	11534847	11.7871	-1
513.494	848.128	2.50828	0.0843139	7471871	177.51	-1
512.599	787.985	1.93154	0.126802	5243391	272.763	-1
512.407	834.958	2.47142	0.0954168	6357759	183.099	-1
512.407	834.958	2.47142	0.0954168	6357759	1.69702	-1
509.625	789.41	1.84061	0.109422	1769983	305.295	-1
509.158	841.802	1.83266	0.0776272	1442303	348.806	-1
509.075	806.145	1.85232	0.0893687	2228735	33.5491	-1
507.261	450.87	13.7408	0.0833927	13501185	202.995	-1
507.047	778.004	2.87791	0.087074	656383	122.144	-1
507.047	778.004	2.87791	0.087074	656383	26.7741	-1
506.565	786.332	3.16168	0.0841545	7472127	220.521	-1
506.361	858.611	2.0447	0.0907613	9372159	152.457	-1
505.536	848.089	2.44754	0.083193	5702399	280.375	-1
505.536	848.089	2.44754	0.083193	5702399	181.485	-1
505.536	848.089	2.44754	0.083193	5702399	76.1097	-1
504.882	790.039	1.8891	0.102173	3670527	259.316	-1
504.882	790.039	1.8891	0.102173	3670527	103.555	-1
504.157	806.368	2.09669	0.092894	11207167	2.56259	-1
502.786	320.571	2.30074	0.0901587	1180415	188.948	-1
502.786	320.571	2.30074	0.0901587	1180415	8.30258	-1
501.618	781.653	2.28749	0.111324	787199	232.599	-1
243.492	452.46	20.1148	0.0775995	7602690	66.784	-1
243.492	452.46	20.1148	0.0775995	7602690	342.645	-1
501.474	889.65	1.88191	0.087067	3408383	318.768	-1
498.929	789.326	3.23643	0.0878616	9176063	270.96	-1
498.929	789.326	3.23643	0.0878616	9176063	40.5433	-1
498.352	780.456	2.28551	0.0982281	721663	233.673	-1
496.325	900.49	2.06944	0.0847296	10224127	148.253	-1
496.325	900.49	2.06944	0.0847296	10224127	62.5388	-1
495.698	910.329	2.37287	0.080185	3408639	335.277	-1
495.698	910.329	2.37287	0.080185	3408639	203.801	-1
495.698	910.329	2.37287	0.080185	3408639	87.3332	-1
493.982	832.544	1.92516	0.0902296	5046783	147.387	-1
493.229	912.465	2.20007	0.0828539	14680575	160.229	-1
491.929	548.263	14.1966	0.0930959	15860481	343.342	-1
491.929	548.263	14.1966	0.0930959	15860481	177.721	-1
491.056	914.695	1.99634	0.0758503	7668223	160.926	-1
490.84	794.811	1.97447	0.119538	6881791	261.392	-1
490.84	794.811	1.97447	0.119538	6881791	98.977	-1
254.824	457.739	1.90816	0.0771555	4391423	245.331	-1
490.591	858.636	1.96867	0.0920616	6619647	156.384	-1
490.591	858.636	1.96867	0.0920616	6619647	26.8333	-1
490.572	772.901	2.2394	0.102414	15991295	268.994	-1
490.572	772.901	2.2394	0.102414	15991295	91.7014	-1
489.959	874.288	2.4177	0.101531	4784895	354.613	-1
489.959	874.288	2.4177	0.101531	4784895	169.143	-1
489.959	874.288	2.4177	0.101531	4784895	10.0366	-1
258.146	240.64	2.2557	0.0781228	16515583	4.62466	-1
258.146	240.64	2.2557	0.0781228	16515583	251.849	-1
489.205	910.419	1.96232	0.0889662	6423039	23.4312	-1
487.674	789.346	2.30387	0.114319	1311487	185.679	-1
487.627	778.913	2.22889	0.11284	15598079	177.183	-1
487.627	778.913	2.22889	0.11284	15598079	3.70541	-1
487.566	775.576	2.01482	0.0805536	8323583	270.907	-1
487.455	914.686	1.91083	0.0766603	4456959	20.2393	-1
261.367	463.229	9.75387	0.0927206	5440001	162.516	-1
261.367	463.229	9.75387	0.0927206	5440001	325.891	-1
484.915	791.78	2.5257	0.0822204	7930623	96.2296	-1
484.885	776.196	2.86411	0.0790286	328703	268.932	-1
483.231	806.459	2.11322	0.0925042	11796991	175.043	-1
482.623	837.665	1.88572	0.0864584	3539455	356.204	-1
482.183	608.516	2.81809	0.0962549	15860479	305.004	-1
482.183	608.516	2.81809	0.0962549	15860479	135.976	-1
482.182	775.547	1.99252	0.0792916	7537151	268.144	-1
482.141	618.232	2.78425	0.0947501	15008511	52.0156	-1
482.124	778.791	2.15488	0.108536	13173247	176.815	-1
482.124	778.791	2.15488	0.108536	13173247	4.50162	-1
481.362	788.49	3.08434	0.0814379	5702655	183.226	-1
479.052	419.986	16.6093	0.087554	10486018	177.365	-1
273.796	222.257	3.12163	0.0794149	6554623	9.35358	-1
273.796	222.257	3.12163	0.0794149	6554623	182.907	-1
479.052	419.986	16.6093	0.087554	10486018	18.201	-1
479.001	634.069	3.00627	0.0802036	3867647	89.5271	-1
478.936	641.506	1.97655	0.0985164	6947327	356.587	-1
478.936	641.506	1.97655	0.0985164	6947327	182.888	-1
478.253	806.207	1.88146	0.0924111	3342847	148.658	-1
475.616	637.022	2.88606	0.0811807	918527	162.754	-1
475.13	845.274	2.40028	0.0808622	4260607	207.193	-1
475.13	845.274	2.40028	0.0808622	4260607	92.8601	-1
473.389	789.69	2.15036	0.0896993	13042175	353.216	-1
278.33	505.698	9.06825	0.0929157	131585	151.737	-1
278.33	505.698	9.06825	0.0929157	131585	352.941	-1
473.389	789.69	2.15036	0.0896993	13042175	185.718	-1
471.882	808.845	2.44045	0.100409	5440255	3.42004	-1
471.105	586.997	5.20792	0.0828398	10158592	286.845	-1
471.004	651.348	3.19003	0.0842546	8127487	89.8065	-1
470.921	658.759	2.03725	0.0953276	9110015	355.835	-1
470.921	658.759	2.03725	0.0953276	9110015	184.346	-1
470.578	874.207	2.45517	0.0952802	5899007	182.44	-1
284.042	226.51	1.80199	0.102112	262655	39.2821	-1
284.042	226.51	1.80199	0.102112	262655	194.352	-1
470.41	634.202	2.62069	0.091634	10617599	24.7838	-1
470.029	791.47	2.87314	0.0793473	590847	232.232	-1
285.509	534.926	1.83603	0.0777361	1573375	163.716	-1
285.509	534.926	1.83603	0.0777361	1573375	245.654	-1
470.029	791.47	2.87314	0.0793473	590847	82.333	-1
468.254	583.345	2.18541	0.102086	14221823	4.09317	-1
285.831	565.771	16.242	0.0954952	8847618	167.034	-1
285.831	565.771	16.242	0.0954952	8847618	334.326	-1
467.611	654.334	2.86761	0.0840498	394239	162.641	-1
467.443	607.693	2.4667	0.08455	6226687	140.717	-1
467.443	607.693	2.4667	0.08455	6226687	23.0847	-1
467.391	779.619	2.31551	0.0965512	1639167	305.933	-1
467.391	779.619	2.31551	0.0965512	1639167	122.886	-1
466.817	280.539	2.19002	0.0842254	14352895	284.211	-1
466.817	280.539	2.19002	0.0842254	14352895	0.519226	-1
466.42	848.718	2.04728	0.0758485	9503231	359.693	-1
465.858	659.046	1.89232	0.0882271	3801599	303.21	-1
465.858	659.046	1.89232	0.0882271	3801599	164.178	-1
465.708	579.749	5.86165	0.0826914	2032384	282.467	-1
465.708	579.749	5.86165	0.0826914	2032384	80.5248	-1
464.769	866.343	2.80963	0.0877634	15663871	160.984	-1
464.361	787.473	2.52439	0.120604	7930623	287.999	-1
463.453	780.955	2.37448	0.123792	3474175	105.523	-1
462.492	651.463	2.51735	0.088285	7734015	152.952	-1
462.492	651.463	2.51735	0.088285	7734015	113.635	-1
461.936	775.566	2.02091	0.0947827	8520191	272.36	-1
461.665	854.936	1.93954	0.0961104	5571071	344.703	-1
461.444	624.337	2.9788	0.0774589	3146751	264.651	-1
461.002	778.618	2.0153	0.0947117	8323583	64.0852	-1
460.958	875.227	2.16932	0.07758	13631999	359.523	-1
460.042	782.535	2.38304	0.0906171	3736319	321.996	-1
458.651	543.998	12.7731	0.09025	8192769	292.316	-1
458.651	543.998	12.7731	0.09025	8192769	202.925	-1
457.169	772.878	2.04424	0.116647	9372159	272.749	-1
457.169	772.878	2.04424	0.116647	9372159	86.9146	-1
457.115	572.104	3.58351	0.109482	16516095	275.568	-1
457.115	572.104	3.58351	0.109482	16516095	85.8484	-1
456.873	586.971	3.47124	0.110463	14222335	275.046	-1
456.873	586.971	3.47124	0.110463	14222335	84.7213	-1
455.22	637.393	3.03527	0.111781	4523007	2.28864	-1
453.935	641.613	1.97798	0.119254	7012863	148.954	-1
453.679	633.687	1.85933	0.116747	2490879	218.387	-1
453.679	633.687	1.85933	0.116747	2490879	57.2826	-1
453.098	656.543	2.04573	0.119368	9437695	175.873	-1
450.947	658.829	2.25788	0.0995899	16581119	273.391	-1
450.586	651.098	1.91082	0.122626	4456959	174.592	-1
450.037	637.337	3.99368	0.0774059	7667968	94.0212	-1
448.4	549.453	2.23799	0.0807747	15925759	282.857	-1
448.386	579.082	2.88636	0.0921863	918527	172.515	-1
448.339	583.803	3.13067	0.0773105	6751231	179.719	-1
448.266	589.541	3.11856	0.0983394	6489087	184.966	-1
447.786	657.01	1.96691	0.0965888	6554111	0.73877	-1
447.511	656.164	2.43362	0.0938773	5243647	148.675	-1
447.511	656.164	2.43362	0.0938773	5243647	1.91132	-1
446.999	654.577	2.98183	0.101925	3277823	168.663	-1
446.999	654.577	2.98183	0.101925	3277823	2.77316	-1
308.649	619.95	3.42605	0.0858221	13304831	273.281	-1
308.649	619.95	3.42605	0.0858221	13304831	356.375	-1
308.652	606.885	3.43175	0.0843059	13435903	3.53256	-1
445.98	658.965	1.98552	0.110965	7275007	311.227	-1
445.98	658.965	1.98552	0.110965	7275007	143.429	-1
445.748	606.674	2.84276	0.105549	16515839	176.074	-1
445.745	620.054	2.87973	0.10843	721919	189.967	-1
445.648	586.589	1.83059	0.11511	1376767	273.074	-1
445.648	586.589	1.83059	0.11511	1376767	86.7685	-1
442.567	615.668	1.85472	0.0761875	2359807	353.231	-1
442.567	615.668	1.85472	0.0761875	2359807	272.494	-1
442.559	609.924	1.96223	0.0784619	6423039	88.1184	-1
442.559	609.924	1.96223	0.0784619	6423039	4.51749	-1
313.752	613.202	4.98802	0.0805379	7012864	0.772064	-1
440.201	658.976	1.88999	0.0904301	3670527	200.775	-1
440.113	190.415	7.59454	0.091571	3997953	261.797	-1
440.113	190.415	7.59454	0.091571	3997953	194.66	-1
439.027	583.873	2.135	0.0984517	12517887	272.719	-1
439.027	583.873	2.135	0.0984517	12517887	83.3881	-1
438.49	589.426	2.53921	0.0888858	8323839	269.14	-1
438.221	578.587	2.12076	0.114538	11993599	83.5811	-1
435.32	606.816	3.0229	0.0859718	4260863	166.822	-1
319.458	442.639	2.11202	0.0756712	11731455	41.8457	-1
319.458	442.639	2.11202	0.0756712	11731455	336.828	-1
435.32	606.816	3.0229	0.0859718	4260863	8.93781	-1
435.313	619.882	3.0849	0.0873805	5702655	351.149	-1
435.313	619.882	3.0849	0.0873805	5702655	190.093	-1
435.203	578.806	1.93699	0.0802267	5439999	180.323	-1
432.484	640.67	1.92106	0.0839778	4850175	57.9258	-1
432.369	634.523	1.98353	0.0871869	7209471	301.073	-1
432.086	654.884	3.14516	0.0810343	7078911	357.922	-1
431.564	578.807	3.10116	0.110695	6095871	257.642	-1
429.814	637.741	3.23572	0.0862277	9176063	290.957	-1
429.814	637.741	3.23572	0.0862277	9176063	64.0522	-1
429.209	652.119	1.95813	0.0822378	6226431	40.5752	-1
428.125	618.162	2.73798	0.107865	13763327	46.5322	-1
328.115	633.765	2.15291	0.080112	13107711	3.03387	-1
328.171	641.509	2.18904	0.0863152	14287359	355.623	-1
427.472	574.871	2.89771	0.0810777	1180671	232.086	-1
427.472	574.871	2.89771	0.0810777	1180671	105.81	-1
426.82	191.664	3.03599	0.0899676	4523007	138.834	-1
425.83	654.863	1.84544	0.0806139	1966591	0.445312	-1
424.521	657.934	1.87516	0.112725	3146239	54.3799	-1
424.489	651.943	1.93192	0.106818	5308927	302.172	-1
330.974	639.693	1.86078	0.121264	2556415	90.3495	-1
330.974	639.693	1.86078	0.121264	2556415	268.487	-1
422.588	182.966	3.36807	0.0825529	12059647	181.652	-1
422.588	182.966	3.36807	0.0825529	12059647	73.7673	-1
421.716	654.992	3.15765	0.0989177	7406591	286.947	-1
421.716	654.992	3.15765	0.0989177	7406591	176.266	-1
421.716	654.992	3.15765	0.0989177	7406591	69.9076	-1
332.944	641.781	1.80045	0.0784741	197119	255.407	-1
421.388	656.912	2.08044	0.0907748	10617343	54.1149	-1
333.598	634.071	1.88808	0.0762102	3604991	125.873	-1
420.662	650.63	1.80746	0.0963966	459263	72.4663	-1
419.355	177.496	5.48327	0.07948	13894144	269.02	-1
419.128	186.753	7.67653	0.0770301	4784385	269.883	-1
336.276	651.01	2.16082	0.0817289	13369855	86.9423	-1
336.793	578.413	3.32439	0.089905	11142143	37.5089	-1
418.543	575.306	2.27195	0.104419	262911	82.81	-1
417.896	641.546	2.09978	0.114642	11338239	146.808	-1
337.101	471.874	12.6924	0.0837909	7734017	174.902	-1
337.101	471.874	12.6924	0.0837909	7734017	340.013	-1
417.666	191.165	3.01513	0.0761396	4064255	315.681	-1
417.666	191.165	3.01513	0.0761396	4064255	282.538	-1
417.512	633.645	1.90794	0.115104	4391423	218.351	-1
339.002	657.017	1.87267	0.118854	3015167	269.508	-1
417.512	633.645	1.90794	0.115104	4391423	56.7028	-1
417.227	588.679	4.29828	0.0836707	12976384	225.077	-1
415.241	572.155	2.83748	0.0891564	16384767	86.1337	-1
340.789	589.044	3.83943	0.0940322	4849920	46.5955	-1
340.789	589.044	3.83943	0.0940322	4849920	240.874	-1
414.4	524.018	10.6434	0.076543	11731457	163.455	-1
414.4	524.018	10.6434	0.076543	11731457	18.0415	-1
341.237	582.886	3.93398	0.0787428	6553856	45.8045	-1
414.115	877.074	2.00021	0.0922834	7799295	167.432	-1
414.115	877.074	2.00021	0.0922834	7799295	50.0107	-1
414.01	460.998	10.1926	0.0934037	8585729	337.833	-1
414.01	460.998	10.1926	0.0934037	8585729	194.235	-1
414.001	637.42	5.12958	0.0797069	9044480	96.7029	-1
343.018	570.825	4.32789	0.0805163	13500672	34.5142	-1
413.284	430.452	2.02147	0.0764	8585727	92.1521	-1
413.252	180.165	3.71572	0.0905686	2425088	344.944	-1
413.114	175.588	2.50242	0.0804731	7275263	269.803	-1
412.838	578.807	3.01522	0.0930659	4064255	283.059	-1
344.91	606.994	3.05384	0.095238	4981759	8.67072	-1
344.91	606.994	3.05384	0.095238	4981759	175.015	-1
409.045	190.734	3.39191	0.104305	12583935	267.676	-1
408.825	880.113	1.88876	0.088824	3670527	65.7644	-1
408.825	880.113	1.88876	0.088824	3670527	8.05621	-1
408.116	651.329	3.12015	0.10225	6554623	89.2247	-1
407.881	658.784	2.02289	0.12028	8585727	355.709	-1
346.794	650.986	2.1285	0.0818327	12255743	87.4896	-1
407.881	658.784	2.02289	0.12028	8585727	184.697	-1
347.585	576.274	2.98393	0.106017	3277823	106.782	-1
406.107	582.433	3.45706	0.0905596	13960191	210.733	-1
406.107	582.433	3.45706	0.0905596	13960191	40.7655	-1
405.451	431.506	2.26131	0.0766201	16646655	65.7878	-1
404.746	653.965	2.68283	0.106379	12321535	357.044	-1
404.746	653.965	2.68283	0.106379	12321535	184.465	-1
404.699	620.682	2.47978	0.0852136	6619903	252.843	-1
349.532	637.039	1.8214	0.088883	1049087	1.31528	-1
403.116	182.616	2.57168	0.0965039	9241343	113.583	-1
401.654	634.068	2.70159	0.0840559	12845823	98.345	-1
401.59	641.557	1.94496	0.116978	5767679	352.604	-1
350.044	615.979	4.03011	0.0847864	8323328	5.31918	-1
350.044	615.979	4.03011	0.0847864	8323328	176.356	-1
350.414	529.679	10.0707	0.0884588	7733761	149.398	-1
350.414	529.679	10.0707	0.0884588	7733761	357.508	-1
401.59	641.557	1.94496	0.116978	5767679	183.655	-1
401.222	190.311	2.65481	0.0808089	11535103	297.192	-1
399.186	183.419	1.83076	0.103623	1376767	144.525	-1
399.168	587.776	4.88211	0.0887736	5505536	260.899	-1
398.532	609.663	2.59043	0.109519	9765631	268.962	-1
398.532	609.663	2.59043	0.109519	9765631	89.1403	-1
398.346	616.65	2.75443	0.0924773	14222079	278.467	-1
398.346	616.65	2.75443	0.0924773	14222079	83.6983	-1
398.321	656.419	2.33975	0.112332	2425599	175.822	-1
398.321	656.419	2.33975	0.112332	2425599	7.22897	-1
398.058	570.756	3.3015	0.100959	10617855	176.145	-1
395.79	639.83	1.92932	0.0785188	5177855	196.603	-1
355.148	606.854	2.94595	0.0957906	2360319	4.93646	-1
395.341	606.693	3.23524	0.0884473	9176063	88.4638	-1
395.284	651.202	2.09805	0.108618	11272703	176.04	-1
356.084	658.932	1.84323	0.089483	1901055	198.672	-1
394.945	182.438	3.62713	0.0891321	721152	89.5992	-1
392.405	191.34	3.37296	0.0876911	12190719	262.725	-1
391.881	302.265	238.587	0.0800547	2687238	185.867	-1
356.462	651.02	2.18745	0.0825954	14287359	86.6685	-1
357.102	568.987	2.03363	0.0866261	8978943	148.647	-1
390.352	571.138	3.49154	0.0831628	14681087	4.07507	-1
357.405	633.677	1.89419	0.0932166	3867135	53.7295	-1
357.405	633.677	1.89419	0.0932166	3867135	219.299	-1
388.691	620.645	2.47748	0.0931021	6554367	259.266	-1
357.89	641.602	2.03674	0.0925335	9110015	145.045	-1
357.89	641.602	2.03674	0.0925335	9110015	314.326	-1
388.691	620.645	2.47748	0.0931021	6554367	103.127	-1
387.161	587.544	4.26186	0.0904178	12386560	16.0926	-1
380.48	620.161	3.10786	0.0813569	6226943	280.387	-1
358.818	637.042	2.93537	0.0815743	2098175	0.318573	-1
358.818	637.042	2.93537	0.0815743	2098175	168.142	-1
358.897	657.671	1.94661	0.100937	5833215	196.12	-1
358.897	657.671	1.94661	0.100937	5833215	342.09	-1
358.989	653.019	1.84552	0.123018	1966591	91.1444	-1
358.989	653.019	1.84552	0.123018	1966591	271.256	-1
379.962	606.49	2.59221	0.097965	9831167	173.608	-1
379.22	634.002	2.54079	0.0813995	8389375	92.176	-1
379.048	651.377	2.53278	0.0889713	8127231	24.2246	-1
361.855	658.893	1.89147	0.0915824	3736063	341.595	-1
379.026	641.392	2.12724	0.101402	12255743	355.467	-1
379.026	641.392	2.12724	0.101402	12255743	183.566	-1
377.574	572.991	5.2755	0.0789253	11076096	200.831	-1
374.91	182.732	3.33016	0.0863274	11273215	86.9826	-1
362.518	633.956	2.02175	0.0936406	8585727	2.24094	-1
362.518	633.956	2.02175	0.0936406	8585727	174.235	-1
362.665	620.05	3.22037	0.0847929	8848383	273.619	-1
362.665	620.05	3.22037	0.0847929	8848383	354.51	-1
362.71	606.708	3.11098	0.0848246	6292479	85.7098	-1
374.506	194.647	2.30325	0.0904528	1311487	288.064	-1
374.506	194.647	2.30325	0.0904528	1311487	129.717	-1
374.29	654.253	2.6404	0.0855157	11141887	23.2584	-1
373.193	641.361	2.50225	0.0783715	7275263	185.058	-1
372.051	577.13	3.78784	0.102338	3866880	252.038	-1
372.051	577.13	3.78784	0.102338	3866880	36.3835	-1
368.937	609.659	2.4852	0.101974	6750975	280.514	-1
364.212	655.267	2.15377	0.0900385	13173247	175.126	-1
368.937	609.659	2.4852	0.101974	6750975	81.2626	-1
364.462	189.092	2.07778	0.0760801	10551807	300.282	-1
368.525	633.78	1.85499	0.0908791	2359807	4.8548	-1
368.283	587.896	5.35796	0.0837084	12190208	217.931	-1
368.283	587.896	5.35796	0.0837084	12190208	37.241	-1
364.832	572.074	4.66119	0.0792145	2163200	102.701	-1
364.832	572.074	4.66119	0.0792145	2163200	298.858	-1
366.519	609.633	2.94831	0.103241	2425855	90.5906	-1
365.557	639.465	2.12533	0.0948921	12190207	4.86444	-1
365.557	639.465	2.12533	0.0948921	12190207	174.884	-1
366.181	270.656	2.05937	0.0833774	9896447	266.503	-1
366.181	270.656	2.05937	0.0833774	9896447	175.302	-1
366.106	609.641	2.75569	0.103364	14287615	269.11	-1
366.106	609.641	2.75569	0.103364	14287615	90.6153	-1
185.884	496.222	1.84213	0.0756417	1835519	179.251	-1
365.962	584.373	2.47449	0.0492808	6488831	51.645	-1
365.706	603.508	1.83536	0.0466687	1573375	89.927	-1
596.352	794.78	14.8893	0.0492938	2556162	0.217285	-1
596.324	456.762	2.33659	0.0555529	2294527	198.868	-1
593.353	926.629	18.4944	0.0736222	1573378	84.9872	-1
593.353	926.629	18.4944	0.0736222	1573378	8.50702	-1
592.964	856.882	21.409	0.0469329	12124674	0.125977	-1
592.048	504.042	21.6413	0.0721046	12911106	359.093	-1
590.792	472.065	2.73214	0.0715721	13632255	206.219	-1
367.095	627.868	6.97627	0.047969	14615296	280.4	-1
367.323	613.012	2.30738	0.0733717	1442559	86.3338	-1
367.323	613.012	2.30738	0.0733717	1442559	271.61	-1
367.428	659.306	2.40285	0.0676847	4326143	249.187	-1
367.533	560.234	9.56402	0.058118	3998209	235.852	-1
590.792	472.065	2.73214	0.0715721	13632255	114.801	-1
589.402	808.974	5.26371	0.059954	10945024	268.693	-1
589.402	808.974	5.26371	0.059954	10945024	91.2745	-1
368.145	178.296	7.24007	0.0725844	590081	269.965	-1
588.595	472.883	5.04151	0.0692876	7799296	202.934	-1
364.487	647.055	5.33084	0.0488426	11862528	279.415	-1
588.595	472.883	5.04151	0.0692876	7799296	117.34	-1
586.361	527.893	31.545	0.071582	6750467	358.503	-1
364.487	647.055	5.33084	0.0488426	11862528	94.2128	-1
368.639	645.8	4.22298	0.0507441	11731200	67.9033	-1
368.639	645.8	4.22298	0.0507441	11731200	271.505	-1
186.449	656.471	2.93517	0.0474626	2098175	178.217	-1
186.454	503.359	2.70776	0.074894	12976895	180.131	-1
187.002	674.808	4.70745	0.05028	2884096	179.499	-1
581.368	874.36	6.59648	0.049645	10552064	266.19	-1
369.446	445.853	1.82521	0.0537544	1180159	176.914	-1
581.368	874.36	6.59648	0.049645	10552064	93.6335	-1
369.762	190.118	4.92879	0.0749511	6160896	298.336	-1
580.719	180.465	11.0288	0.0558536	14287361	305.378	-1
580.719	180.465	11.0288	0.0558536	14287361	280.966	-1
580.111	784.98	4.2201	0.0580726	11665664	345.002	-1
580.111	784.98	4.2201	0.0580726	11665664	182.496	-1
371.351	663.631	5.014	0.0466805	7406080	253.045	-1
187.204	655.738	4.26425	0.0467055	12386560	177.874	-1
371.398	572.107	3.21173	0.0735623	8651775	89.0755	-1
371.718	651.424	2.10097	0.0753792	11338239	195.826	-1
371.957	612.772	13.1638	0.0463135	10355457	72.314	-1
371.957	612.772	13.1638	0.0463135	10355457	116.875	-1
371.957	612.772	13.1638	0.0463135	10355457	284.24	-1
188.034	512.138	5.40187	0.0572229	12780032	181.521	-1
578.183	172.617	2.30205	0.049011	1245951	268.956	-1
578.098	781.163	2.39322	0.0519863	4063999	179.01	-1
577.778	848.216	4.22225	0.066494	11665664	267.6	-1
372.765	608.002	3.39244	0.0592887	12583935	164.464	-1
577.778	848.216	4.22225	0.066494	11665664	164.136	-1
373.349	634.283	2.78131	0.0575566	14942975	49.5445	-1
373.349	634.283	2.78131	0.0575566	14942975	189.935	-1
373.594	636.368	7.85887	0.0500721	6488321	61.9387	-1
577.49	914.517	9.5807	0.0536872	4129281	301.025	-1
577.49	914.517	9.5807	0.0536872	4129281	174.32	-1
362.839	613.078	3.38693	0.0716873	12452863	0.0184326	-1
577.49	914.517	9.5807	0.0536872	4129281	106.104	-1
188.194	844.361	1.83754	0.0562322	1638911	0.119598	-1
188.249	489.949	6.02954	0.0532287	4064000	178.264	-1
188.274	847.41	1.99888	0.0501745	7733759	0.47467	-1
576.621	467.118	3.48827	0.0651093	14615551	106.07	-1
576.621	467.118	3.48827	0.0651093	14615551	33.5134	-1
188.347	770.028	2.05731	0.0498794	9830911	357.69	-1
188.396	692.755	2.19803	0.0523524	14615039	159.645	-1
576.165	465.997	2.09892	0.0670638	11272703	33.0691	-1
575.311	905.754	52.6722	0.0622738	10420995	84.5276	-1
376.851	656.57	2.14798	0.065234	12976639	21.2552	-1
575.311	905.754	52.6722	0.0622738	10420995	5.27795	-1
188.396	692.755	2.19803	0.0523524	14615039	355.472	-1
189.098	784.139	2.70846	0.0585459	12976895	167.639	-1
377.928	309.279	1.87935	0.0518926	3277311	350.806	-1
189.208	666.52	2.9816	0.0594332	3212287	150.379	-1
189.544	838.744	3.11955	0.0498151	6489087	182.988	-1
571.186	177.782	6.55275	0.0489469	10093312	268.136	-1
571.07	784.431	3.36095	0.0686667	11928575	354.709	-1
571.07	784.431	3.36095	0.0686667	11928575	184.465	-1
378.987	646.421	5.17678	0.0496493	9699840	76.9014	-1
189.96	444.923	8.79794	0.057945	14680321	180.72	-1
189.977	774.286	2.76487	0.0471589	14484223	164.421	-1
361.156	655.609	2.27966	0.067428	525055	179.776	-1
360.336	568.278	2.59501	0.0514498	9896703	58.4532	-1
565.509	175.233	2.0616	0.0632281	9961983	269.82	-1
379.924	626.765	5.62059	0.0509975	15663616	275.398	-1
360.069	580.523	8.17922	0.0538177	9371905	213.564	-1
189.977	774.286	2.76487	0.0471589	14484223	348.97	-1
190.139	815.006	2.68311	0.059088	12321535	160.12	-1
190.552	708.013	2.1767	0.0664408	13894143	157.264	-1
190.56	696.858	1.95441	0.0534029	6095359	159.936	-1
190.56	696.858	1.95441	0.0534029	6095359	216.927	-1
190.56	696.858	1.95441	0.0534029	6095359	348.544	-1
190.669	825.422	1.92542	0.0521408	5046783	154.877	-1
562.475	175.421	2.29445	0.0679584	983807	269.965	-1
381.528	657.443	2.58055	0.0530749	9503487	161.046	-1
381.528	657.443	2.58055	0.0530749	9503487	297.839	-1
382.237	656.085	7.99875	0.0578516	7799041	239.706	-1
190.783	786.199	2.06718	0.0595771	10158591	163.107	-1
190.784	805.61	2.51333	0.0606828	7602943	153.25	-1
562.145	410.874	70.2282	0.0601991	14483716	2.45923	-1
384.413	551.938	20.3986	0.0560623	8651266	214.351	-1
384.413	551.938	20.3986	0.0560623	8651266	304.547	-1
384.434	638.143	4.70461	0.052038	2818560	7.68024	-1
384.434	638.143	4.70461	0.052038	2818560	200.399	-1
562.09	874.772	2.22942	0.0671176	15663615	181.177	-1
191.578	671.341	3.14827	0.0499927	7209983	150.296	-1
559.419	913.293	2.70088	0.0521397	12780287	14.2899	-1
192.624	829.415	1.97907	0.047111	7012863	157.052	-1
386.38	651.527	2.44891	0.067489	5702399	179.79	-1
557.016	903.916	1.88034	0.0629254	3342847	177.833	-1
556.9	175.36	2.34385	0.0574683	2556671	270.352	-1
556.567	461.118	5.24364	0.0650479	10682880	185.819	-1
387.879	178.307	7.23686	0.0703456	524545	270.52	-1
388.415	613.879	6.37374	0.0473873	8061696	4.45602	-1
556.567	461.118	5.24364	0.0650479	10682880	117.078	-1
555.815	808.925	6.2001	0.0483414	6030080	267.487	-1
357.653	572.59	2.84283	0.0663887	16515839	190.508	-1
389.202	635.286	2.20244	0.0693091	14746111	359.538	-1
389.395	641.076	2.05995	0.0661764	9896447	6.77274	-1
555.815	808.925	6.2001	0.0483414	6030080	92.2995	-1
192.958	164.277	2.3597	0.0468189	3015423	321.253	-1
554.262	908.539	2.08716	0.0708214	10879487	178.626	-1
390.864	654.965	3.74815	0.0677621	3080448	174.781	-1
553.577	861.368	1.95813	0.0737131	6226431	349.879	-1
553.577	861.368	1.95813	0.0737131	6226431	209.781	-1
553.35	868.155	4.28414	0.0477301	12779776	131.995	-1
391.122	617.33	3.06745	0.0590386	5309439	0.266235	-1
391.54	618.127	2.50489	0.0592941	7340799	359.976	-1
356.389	655.464	2.39053	0.0711088	3998463	359.113	-1
392.128	637.841	6.77692	0.0616783	12518144	231.061	-1
553.009	228.592	81.3046	0.0702978	8389124	354.366	-1
553.009	228.592	81.3046	0.0702978	8389124	276.78	-1
552.847	175.458	2.44948	0.0588164	5767935	270.022	-1
395.106	580.754	13.2202	0.0481352	10683137	112.19	-1
395.106	580.754	13.2202	0.0481352	10683137	272.375	-1
395.176	619.929	3.0756	0.0745774	5506047	357.056	-1
395.26	613.038	3.48779	0.0716143	14615551	0.016449	-1
197.03	517.844	2.04339	0.053655	9306623	8.48029	-1
197.03	517.844	2.04339	0.053655	9306623	180.979	-1
550.847	855.548	1.97979	0.0561709	7078399	350.381	-1
354.654	559.656	3.32404	0.0456287	11076607	271.047	-1
550.847	855.548	1.97979	0.0561709	7078399	92.8525	-1
549.636	887.641	4.09313	0.0660005	9437440	266.463	-1
549.636	887.641	4.09313	0.0660005	9437440	161.203	-1
200.688	523.966	4.68869	0.0461271	2556416	171.968	-1
200.688	523.966	4.68869	0.0461271	2556416	327.979	-1
397.484	603.507	1.92933	0.0561584	5177855	89.0729	-1
547.684	854.615	3.97953	0.0584521	7405824	269.744	-1
547.684	854.615	3.97953	0.0584521	7405824	85.7925	-1
353.995	645.98	5.56395	0.046763	14942720	266.161	-1
353.995	645.98	5.56395	0.046763	14942720	89.5693	-1
353.703	637.267	3.99497	0.0631237	7667968	93.2894	-1
544.526	912.222	2.61096	0.0519909	10355455	178.683	-1
353.415	653.06	2.0293	0.0703238	8847871	0.0933533	-1
353.316	656.768	2.04881	0.0754895	9503231	0.318878	-1
200.842	433.012	2.62293	0.0529709	10683135	5.03424	-1
200.842	433.012	2.62293	0.0529709	10683135	180.932	-1
399.163	646.204	6.33323	0.0482236	7602944	236.391	-1
543.065	453.702	2.1026	0.0741935	11403775	106.344	-1
352.454	309.586	2.06184	0.0516511	9961983	335.726	-1
399.19	597.467	8.58221	0.0563446	12845313	82.2285	-1
399.19	597.467	8.58221	0.0563446	12845313	268.649	-1
543.065	453.702	2.1026	0.0741935	11403775	13.3486	-1
540.733	873.969	2.70789	0.0664647	12976895	172.614	-1
540.733	873.969	2.70789	0.0664647	12976895	98.1671	-1
400.119	592.072	1.8774	0.0603542	3211775	252.892	-1
401.037	552.881	4.69897	0.0561991	2753024	299.391	-1
540.692	789.038	2.15827	0.0506012	13304319	201.134	-1
352.381	572.912	4.6043	0.0701613	1245696	200.984	-1
401.4	559.478	13.4825	0.0571077	12124929	295.979	-1
540.45	861.768	2.2756	0.0657857	393983	182.108	-1
540.079	783.586	2.52693	0.0612159	7996159	175.039	-1
349.684	563.165	7.87266	0.0642848	6619393	273.621	-1
401.801	552.12	2.8886	0.0577855	984063	299.411	-1
540.034	842.082	3.67484	0.0620357	1638656	270.218	-1
402.856	613.117	2.87628	0.0742032	656383	82.7975	-1
540.034	842.082	3.67484	0.0620357	1638656	97.8995	-1
404.445	539.185	16.3729	0.0669861	9437442	301.068	-1
536.862	177.91	1.83751	0.0486544	1638911	260.603	-1
348.628	568.801	2.94491	0.0621425	2360319	120.087	-1
348.628	568.801	2.94491	0.0621425	2360319	74.5518	-1
347.989	572.308	2.59819	0.062263	10027775	271.305	-1
347.989	572.308	2.59819	0.062263	10027775	90.8116	-1
347.945	582.318	4.98007	0.0728455	6947328	217.589	-1
407.842	646.268	4.29637	0.0562839	12976384	90.1365	-1
407.842	646.268	4.29637	0.0562839	12976384	274.664	-1
202.694	168.285	9.15725	0.0551356	852481	288.621	-1
346.756	654.881	2.22429	0.0658716	15467007	0.462158	-1
535.674	841.115	3.5645	0.049348	16188415	268.436	-1
534.984	828.723	3.06526	0.0547481	5243903	333.965	-1
345.324	578.01	12.3865	0.0629598	5964545	343.543	-1
408.937	579.488	1.99799	0.0626792	7733759	138.961	-1
345.324	578.01	12.3865	0.0629598	5964545	232.601	-1
534.984	828.723	3.06526	0.0547481	5243903	97.2187	-1
204.075	437.795	2.64654	0.0655452	11338495	10.0161	-1
204.075	437.795	2.64654	0.0655452	11338495	188.572	-1
530.126	875.078	2.35635	0.0472879	2949887	191.877	-1
208.52	197.06	38.3348	0.0721573	4129283	184.436	-1
529.3	784.216	4.11064	0.0519151	9765120	212.472	-1
528.299	175.612	2.76637	0.0586681	14549759	270.161	-1
528.184	861.101	4.03884	0.0658738	8454400	157.134	-1
412.458	625.695	9.67725	0.0578151	4850177	207.811	-1
412.586	584.155	4.81943	0.066926	4522496	18.8972	-1
412.799	655.082	4.20715	0.0559094	11403520	198.439	-1
208.52	197.06	38.3348	0.0721573	4129283	267.733	-1
344.004	579.168	2.77608	0.0699674	14811903	313.501	-1
344.004	579.168	2.77608	0.0699674	14811903	113.977	-1
209.074	887.406	2.00477	0.0462808	7930367	157.031	-1
413.977	582.086	2.11071	0.0514872	11665919	274.172	-1
524.356	175.329	2.12739	0.0646575	12255743	269.951	-1
210.353	867.441	3.12542	0.0569833	6620159	179.743	-1
342.379	636.401	1.86372	0.0699847	2687487	316.467	-1
521.961	803.102	1.97751	0.0512029	6947327	331.164	-1
341.442	710.587	1.87243	0.052583	3015167	206.356	-1
341.088	654.785	2.02275	0.0642527	8585727	177.384	-1
340.928	524.875	1.79898	0.0471456	131583	154.729	-1
414.601	646.758	6.14066	0.046043	5374720	268.583	-1
210.581	795.721	2.60903	0.0594704	10289919	179.418	-1
340.706	435.616	4.68353	0.0507892	2490880	93.6958	-1
520.883	175.36	2.20271	0.065844	14746111	270.077	-1
415.492	444.598	24.6277	0.0681565	5571330	52.149	-1
415.492	444.598	24.6277	0.0681565	5571330	127.754	-1
520.155	834.308	5.37571	0.0513779	12452352	265.812	-1
520.155	834.308	5.37571	0.0513779	12452352	126.319	-1
520.155	834.308	5.37571	0.0513779	12452352	80.3008	-1
417.36	531.187	2.05034	0.064633	9568767	40.7563	-1
520.132	783.25	3.66702	0.0733095	1507584	172.407	-1
519.351	848.422	2.43826	0.0595515	5374719	2.65457	-1
210.581	795.721	2.60903	0.0594704	10289919	333.888	-1
519.106	913.462	1.8219	0.0754988	1049087	359.48	-1
518.831	841.986	5.06105	0.0474571	8061440	266.189	-1
518.82	860.917	2.30602	0.0744433	1377023	346.543	-1
337.014	314.47	3.17752	0.0484405	7865343	162.99	-1
518.82	860.917	2.30602	0.0744433	1377023	186.552	-1
334.533	449.245	20.4285	0.0659884	8716802	100.032	-1
420.386	566.443	5.05355	0.0494088	7995904	73.4788	-1
518.652	781.442	2.14459	0.0563116	12845567	169.85	-1
517.671	807.916	4.01883	0.0488336	8126720	155.574	-1
517.671	807.916	4.01883	0.0488336	8126720	23.7306	-1
517.484	562.806	5.15381	0.0670671	9372160	92.2364	-1
516.915	175.474	2.41992	0.0658135	4850431	270.164	-1
516.529	880.484	3.07484	0.0614452	5440511	269.526	-1
516.529	880.484	3.07484	0.0614452	5440511	86.7167	-1
210.85	885.196	1.83153	0.0622622	1442303	179.059	-1
515.52	784.461	3.09901	0.0689141	6030335	173.897	-1
210.853	774.932	1.92348	0.0747464	4981247	179.929	-1
514.423	798.53	8.71626	0.049561	13959425	280.241	-1
513.697	175.299	1.99695	0.0680366	7668223	269.994	-1
422.075	559.363	9.79312	0.0480429	5702145	258.206	-1
331.972	234.477	1.88303	0.0753592	3408383	344.475	-1
331.972	234.477	1.88303	0.0753592	3408383	148.512	-1
422.734	572.106	4.45402	0.0605796	15532288	73.3269	-1
210.853	774.932	1.92348	0.0747464	4981247	335.27	-1
210.95	845.584	1.81031	0.064067	590335	179.231	-1
210.999	869.808	1.87261	0.0581866	3015167	181.014	-1
424.185	512.648	3.58842	0.056356	16647167	86.0392	-1
330.816	637.453	7.45031	0.0584066	2621697	281.798	-1
330.816	637.453	7.45031	0.0584066	2621697	88.4524	-1
511.493	867.926	4.05553	0.0579764	8782080	266.018	-1
511.493	867.926	4.05553	0.0579764	8782080	88.0173	-1
511.408	881.183	3.97237	0.0555861	7274752	267.165	-1
425.461	514.093	5.6697	0.0551912	16318976	2.97641	-1
425.461	514.093	5.6697	0.0551912	16318976	79.2079	-1
330.816	637.453	7.45031	0.0584066	2621697	0.615967	-1
426.084	554.399	5.81394	0.0534333	1442560	249.041	-1
426.137	582.276	2.15851	0.0654937	13304319	202.878	-1
511.382	244.79	2.07872	0.0475342	10551807	288.471	-1
215.274	935.57	5.05816	0.0607	8061440	96.1071	-1
215.274	935.57	5.05816	0.0607	8061440	147.696	-1
427.204	506.823	5.48094	0.0456048	13828608	80.1581	-1
509.088	854.687	3.86695	0.064308	5308672	96.1444	-1
328.243	637.56	2.29142	0.0699057	918271	0.0789185	-1
216.695	933.263	8.63866	0.0605828	13369601	96.6172	-1
216.695	933.263	8.63866	0.0605828	13369601	147.448	-1
507.059	175.413	2.33788	0.0640735	2360063	270.147	-1
222.398	175.271	1.92937	0.0665816	5177855	270.06	-1
226.867	385.362	70.274	0.0518261	14549252	177.85	-1
429.102	186.161	5.16322	0.0564204	9568768	158.496	-1
228.194	585.696	78.3897	0.057406	5767684	180.842	-1
429.384	179.147	9.20154	0.0644529	1180161	268.461	-1
505.768	435.7	8.42227	0.0476442	11534593	90.4108	-1
505.481	912.84	5.25881	0.0527731	10879488	271.481	-1
505.481	912.84	5.25881	0.0527731	10879488	96.3065	-1
505.078	436.596	7.15218	0.0481686	16384768	91.396	-1
430.018	586.747	7.52145	0.0614539	3342593	225.858	-1
505.07	840.611	3.71976	0.0601533	2556160	253.498	-1
430.857	613.371	3.8519	0.0617435	5046528	359.549	-1
236.137	175.247	2.03333	0.0678673	8978943	269.961	-1
431.252	518.244	12.3074	0.0753627	5505793	28.1785	-1
504.006	175.314	2.17939	0.0648733	14025215	269.882	-1
503.405	242.921	2.31043	0.0520811	1508095	279.733	-1
502.604	828.443	2.45665	0.0618967	5964543	341.504	-1
243.238	178.619	7.82475	0.0491464	6160641	270.147	-1
501.284	847.814	4.22929	0.0504886	11796736	264.478	-1
433.989	477.918	7.38129	0.0467436	1966337	260.646	-1
434.12	477.338	6.9576	0.047235	14418688	260.895	-1
501.284	847.814	4.22929	0.0504886	11796736	82.7751	-1
501.129	431.379	17.0838	0.0501402	12517634	178.097	-1
501.028	906.42	1.83794	0.0568548	1704447	135.89	-1
320.231	436.067	4.28195	0.0619544	12714240	333.265	-1
500.997	442.244	2.76435	0.0674839	14484223	95.855	-1
244.134	893.47	70.8379	0.0654913	15139076	96.8119	-1
244.134	893.47	70.8379	0.0654913	15139076	169.079	-1
436.103	612.837	4.28224	0.0704108	12714240	359.575	-1
436.211	572.857	6.90063	0.0459995	13828864	181.308	-1
498.425	175.41	2.45084	0.0619831	5767935	269.952	-1
246.996	245.406	2.65305	0.0719994	11535103	72.6907	-1
497.625	568.112	11.5335	0.0474021	852737	272.434	-1
497.625	568.112	11.5335	0.0474021	852737	3.49857	-1
497.115	860.756	2.57628	0.0725359	9372415	11.2487	-1
497.032	834.926	5.84861	0.0494112	1835776	90.0917	-1
496.37	887.16	5.38073	0.052975	12517888	282.845	-1
246.996	245.406	2.65305	0.0719994	11535103	229.472	-1
437.645	470.032	4.19464	0.0593613	11206912	183.31	-1
437.645	470.032	4.19464	0.0593613	11206912	265.787	-1
437.908	408.286	4.29763	0.050515	12976384	2.13406	-1
437.908	408.286	4.29763	0.050515	12976384	169.883	-1
252.473	220.196	3.08864	0.0491789	5768191	119.926	-1
318.979	195.631	36.8816	0.0506396	1311235	270.568	-1
438.341	470.774	3.24881	0.060416	9438207	266.901	-1
493.133	808.257	5.93807	0.0584088	2949888	92.0078	-1
318.099	442.517	3.6625	0.0712888	1376512	40.6659	-1
252.473	220.196	3.08864	0.0491789	5768191	310.554	-1
439.274	612.759	11.495	0.0510815	590593	109.052	-1
439.341	511.836	2.76353	0.0626983	14484223	176.412	-1
254.537	175.301	2.03997	0.0703882	9241087	270.091	-1
315.432	609.629	2.15082	0.0627353	13042175	325.716	-1
315.432	609.629	2.15082	0.0627353	13042175	289.651	-1
256.013	229.129	2.89453	0.0491137	1115135	207.914	-1
440.702	612.866	2.33609	0.0644789	2294527	97.8215	-1
440.702	612.866	2.33609	0.0644789	2294527	261.686	-1
440.889	617.205	3.82528	0.0735801	4522240	199.323	-1
440.889	617.205	3.82528	0.0735801	4522240	337.93	-1
490.372	389.935	3.07282	0.0507979	5440511	184.938	-1
441.411	456.562	2.16428	0.0519117	13500927	171.951	-1
490.366	175.264	2.03651	0.0668572	9110015	270.23	-1
256.013	229.129	2.89453	0.0491137	1115135	359.921	-1
258.043	249.215	1.85588	0.0740133	2359807	3.81763	-1
258.043	249.215	1.85588	0.0740133	2359807	63.3805	-1
489.239	913.201	3.92109	0.0600013	6357248	269.38	-1
259.833	187.452	2.13923	0.069354	12648959	221.948	-1
259.833	187.452	2.13923	0.069354	12648959	359.335	-1
260.928	177.945	1.89267	0.0543209	3801599	260.611	-1
486.064	609.502	1.90198	0.062844	4129279	18.3629	-1
444.063	284.518	1.84742	0.0741526	2032127	271.092	-1
486.033	617.217	1.89601	0.0613837	3932671	342.449	-1
444.617	584.614	9.70026	0.0694985	4981249	91.3914	-1
444.617	584.614	9.70026	0.0694985	4981249	239.399	-1
445.138	612.919	3.53683	0.074364	15598591	179.893	-1
445.393	592.085	2.011	0.0501662	8192511	274.052	-1
485.902	868.05	3.89262	0.0573196	5832960	266.254	-1
311.441	609.011	2.026	0.0738102	8716799	268.979	-1
263.131	337.749	1.9813	0.0692308	7078399	333.684	-1
311.441	609.011	2.026	0.0738102	8716799	184.677	-1
263.148	337.782	1.9078	0.0695719	4391423	332.906	-1
484.395	613.267	3.58125	0.0563363	16516095	359.92	-1
265.032	444.403	17.2266	0.071039	13107458	83.3073	-1
265.955	342.922	2.09026	0.0683035	10945023	330.756	-1
266.827	236.024	1.81287	0.0751408	655871	165.998	-1
308.024	417.31	2.0275	0.0654944	8782335	329.804	-1
268.29	175.442	2.46046	0.0623185	6030079	270.007	-1
271.293	395.293	1.9225	0.050543	4915711	150.732	-1
481.745	874.12	5.43151	0.0523013	13173248	260.854	-1
307.085	539.21	23.3953	0.07286	1835778	326.763	-1
307.085	539.21	23.3953	0.07286	1835778	200.071	-1
481.745	874.12	5.43151	0.0523013	13173248	106.17	-1
305.032	411.974	1.84992	0.0670815	2163199	329.984	-1
480.815	175.694	2.90235	0.056182	1311743	269.782	-1
480.045	809.074	5.92095	0.0551021	2753280	281.466	-1
479.299	488.002	30.4501	0.0599154	4194563	189.376	-1
273.001	175.339	2.04921	0.0731811	9568767	269.931	-1
274.118	357.219	1.89382	0.0681485	3867135	331.673	-1
275.333	528.793	24.6171	0.0696833	5505794	338.346	-1
476.767	609.711	3.29615	0.0643777	10486783	298.566	-1
302.438	378.031	1.94834	0.0575426	5898751	162.44	-1
450.813	438.265	20.2506	0.0571308	8126978	17.9674	-1
450.845	598.25	9.56947	0.0545461	3998209	97.2542	-1
450.845	598.25	9.56947	0.0545461	3998209	240.976	-1
476.537	617.317	3.12862	0.0645474	6751231	139.06	-1
302.138	849.319	1.90647	0.0693842	4325887	26.2489	-1
451.644	179.853	10.5934	0.0508613	11403777	269.975	-1
476.537	617.317	3.12862	0.0645474	6751231	62.9905	-1
476.457	175.283	2.10696	0.067457	11534847	269.889	-1
452.427	646.409	5.99844	0.0679672	3670784	261.105	-1
475.149	603.061	2.42222	0.0487875	4915967	91.2692	-1
277.425	513.46	1.97737	0.0744244	6947327	72.3948	-1
302.07	406.698	1.97853	0.066975	7012863	331.503	-1
277.425	513.46	1.97737	0.0744244	6947327	151.011	-1
474.135	410.197	5.00256	0.0653142	7275008	90.8562	-1
278.037	177.461	1.80024	0.0466816	197119	274.781	-1
473.164	782.243	18.835	0.0474577	2884098	111.162	-1
453.799	553.994	3.68822	0.0603218	1900800	284.869	-1
473.164	782.243	18.835	0.0474577	2884098	28.0284	-1
454.412	553.48	2.67473	0.0617706	12124927	282.552	-1
473.164	782.243	18.835	0.0474577	2884098	2.26086	-1
472.044	608.152	3.86215	0.074143	5243136	35.7386	-1
455.277	659.173	1.95795	0.0693098	6226431	284.523	-1
279.878	367.336	1.86486	0.0663109	2753023	328.219	-1
282.876	221.869	2.90675	0.070019	1377279	357.745	-1
470.409	637.645	5.232	0.0641739	10486272	264.927	-1
470.398	642.106	2.05555	0.0719689	9765375	301.697	-1
456.202	808.771	5.9099	0.060151	2622208	359.213	-1
470.398	642.106	2.05555	0.0719689	9765375	244.586	-1
469.988	783.224	2.75614	0.0755814	14287615	359.79	-1
469.647	776.56	3.23937	0.0632975	9241599	277.612	-1
469.061	618.896	2.27484	0.0543931	393983	317.273	-1
456.914	659.349	3.26504	0.0584781	9831423	295.437	-1
468.503	614.247	7.677	0.0617278	4784385	66.5725	-1
297.332	571.926	2.69591	0.0679199	12649215	243.057	-1
297.332	571.926	2.69591	0.0679199	12649215	164.437	-1
468.503	614.247	7.677	0.0617278	4784385	9.02951	-1
467.963	593.37	5.48076	0.0660058	13828608	283.163	-1
467.946	175.42	2.35928	0.0681817	3015423	269.988	-1
285.968	309.445	1.84134	0.0508388	1835519	251.356	-1
287.131	535.739	4.02532	0.069245	8257792	163.885	-1
287.533	230.523	2.4198	0.0592013	4850431	213.297	-1
287.533	230.523	2.4198	0.0592013	4850431	274.356	-1
459.482	641.537	3.02751	0.0753702	4326399	356.472	-1
467.322	800.526	5.73076	0.0615979	393984	272.24	-1
460.789	655.733	7.43308	0.054441	2490625	48.2498	-1
460.789	655.733	7.43308	0.054441	2490625	249.665	-1
460.789	655.733	7.43308	0.054441	2490625	297.265	-1
467.322	800.526	5.73076	0.0615979	393984	98.6233	-1
467.26	590.705	2.55842	0.0711634	8913663	277.169	-1
287.533	230.523	2.4198	0.0592013	4850431	356.787	-1
287.775	226.82	2.61764	0.0663316	10552063	95.0596	-1
287.775	226.82	2.61764	0.0663316	10552063	188.669	-1
293.757	228.273	3.87071	0.0481913	5439744	190.983	-1
293.757	228.273	3.87071	0.0481913	5439744	54.1447	-1
462.261	659.532	2.16676	0.0701933	13566463	227.468	-1
462.261	659.532	2.16676	0.0701933	13566463	305.012	-1
466.088	597.186	8.70758	0.0665268	13893889	281.343	-1
466.053	912.826	5.80064	0.0556083	1245952	273.55	-1
466.053	912.826	5.80064	0.0556083	1245952	86.5055	-1
465.973	811.703	2.86438	0.0493292	328703	301.689	-1
465.973	811.703	2.86438	0.0493292	328703	240.274	-1
463.395	443.625	2.63021	0.0573501	10879743	12.7476	-1
287.775	226.82	2.61764	0.0663316	10552063	274.91	-1
463.705	583.537	2.05862	0.0491951	9896447	90.9932	-1
464.209	626.07	1.81245	0.0753244	655871	14.1276	-1
288.287	381.958	1.96755	0.0660113	6619647	332.089	-1
288.289	337.972	1.8735	0.0581428	3080703	161.604	-1
464.425	618.333	3.40662	0.0705411	12911615	19.8432	-1
464.742	646.729	4.82973	0.0509061	4719104	105.378	-1
464.742	646.729	4.82973	0.0509061	4719104	256.075	-1
290.346	537.381	8.09459	0.0650118	8651009	164.018	-1
599.771	443.309	9.38627	0.0455849	2621953	1.33813	-1
552.795	841.683	4.846	0.0419435	4981248	91.1861	-1
597.633	820.382	13.2699	0.0453306	10945281	359.621	-1
366.417	337.656	1.91424	0.0408789	4588031	353.476	-1
415.384	554.069	2.15339	0.0427878	13107711	274.1	-1
340.505	626.476	8.43195	0.04285	11600129	272.885	-1
366.519	247.18	2.01481	0.0435318	8323583	180.527	-1
366.519	247.18	2.01481	0.0435318	8323583	246.826	-1
340.505	626.476	8.43195	0.04285	11600129	90.3285	-1
522.962	867.981	4.16011	0.0424877	10617088	90.428	-1
209.897	449.58	3.28162	0.0430836	10159103	182.786	-1
334.004	550.905	1.88584	0.0440911	3539455	318.263	-1
518.461	893.777	3.31955	0.0446271	11011071	260.458	-1
518.461	893.777	3.31955	0.0446271	11011071	7.75885	-1
517.818	802.746	6.29324	0.0453975	7144192	123.76	-1
525.329	847.428	4.73543	0.0449463	3277312	90.1735	-1
517.572	895.093	4.45553	0.0436007	15597824	266.667	-1
525.329	847.428	4.73543	0.0449463	3277312	277.498	-1
343.229	646.839	5.30885	0.0426124	11534848	92.2693	-1
369.095	653.18	5.39314	0.0426624	12714496	69.6076	-1
583.814	751.116	36.6681	0.0439734	918019	1.07983	-1
527.163	815.898	4.05114	0.0442282	8716544	270.96	-1
527.169	822.362	9.76618	0.0426355	5505537	288.628	-1
369.438	602.698	3.1095	0.045466	6292479	87.4464	-1
369.898	648.147	2.00184	0.0408398	7864831	80.8549	-1
457.052	631.377	1.94838	0.0403464	5898751	86.6349	-1
370.849	631.195	2.59802	0.0409644	9962239	50.4067	-1
516.418	377.929	1.9704	0.0415983	6685183	208.914	-1
412.438	554.997	3.97942	0.0425558	7405824	279.853	-1
579.314	809	6.32019	0.0408485	7471872	276.089	-1
411.612	553.946	2.12202	0.0444129	12059135	274.8	-1
513.623	860.653	4.78747	0.0435045	4063744	264.061	-1
422.869	645.01	5.65553	0.0421028	16122368	77.5311	-1
422.869	645.01	5.65553	0.0421028	16122368	325.642	-1
534.354	866.849	4.63171	0.04135	1704448	80.3196	-1
534.354	866.849	4.63171	0.04135	1704448	195.656	-1
509.714	874.19	5.41088	0.0410421	12911104	268.72	-1
509.714	874.19	5.41088	0.0410421	12911104	86.5757	-1
283.833	500.163	2.01897	0.0403412	8454655	343.709	-1
579.314	809	6.32019	0.0408485	7471872	86.3683	-1
372.659	440.757	3.79734	0.0424072	3997952	166.749	-1
409.939	268.797	1.9269	0.0413588	5112319	280.425	-1
203.979	462.149	3.39035	0.0441637	12518399	159.305	-1
203.979	462.149	3.39035	0.0441637	12518399	15.9598	-1
428.241	647.093	4.62145	0.0447111	1507840	60.6461	-1
326.807	351.847	1.88473	0.0404882	3473919	346.46	-1
201.475	445.216	4.74023	0.0423864	3342848	328.104	-1
324.48	435.039	2.12861	0.0448605	12321279	167.743	-1
503.392	855.05	4.05602	0.0429032	8782080	261.838	-1
500.881	910.186	2.50111	0.0435392	7275263	2.96936	-1
354.516	275.721	2.00701	0.0421192	8061439	250.285	-1
574.19	874.381	2.82767	0.0424964	16122623	266.596	-1
497.351	821.287	9.9387	0.0451836	6750721	89.191	-1
497.068	245.329	2.00151	0.0445103	7864831	200.717	-1
574.19	874.381	2.82767	0.0424964	16122623	97.9833	-1
549.177	294.283	3.98766	0.0410061	7536896	199.89	-1
437.382	571.892	7.96705	0.045253	7471361	88.395	-1
437.382	571.892	7.96705	0.045253	7471361	177.048	-1
549.177	294.283	3.98766	0.0410061	7536896	271.124	-1
494.507	395.344	3.45797	0.043415	13960191	359.304	-1
452.328	285.012	2.07931	0.0405693	10617343	190.115	-1
494.507	395.344	3.45797	0.043415	13960191	166.912	-1
254.263	224.744	3.96076	0.0451629	7078144	160.727	-1
254.263	224.744	3.96076	0.0451629	7078144	335.581	-1
254.969	333.93	5.07776	0.0438869	8323584	326.98	-1
553.33	178.001	7.22478	0.0422904	393473	269.641	-1
196.857	444.28	1.94716	0.0409734	5833215	347.345	-1
195.452	389.699	1.93971	0.0450821	5571071	260.341	-1
358.25	653.531	6.14637	0.0418017	5440256	89.7162	-1
275.424	188.916	3.97747	0.0454655	7405824	270.11	-1
275.424	188.916	3.97747	0.0454655	7405824	90.2175	-1
487.659	848.5	6.09223	0.041315	4784896	317.402	-1
487.659	848.5	6.09223	0.041315	4784896	25.2977	-1
358.25	653.531	6.14637	0.0418017	5440256	273.297	-1
449.307	667.649	10.35	0.0424047	9699841	295.659	-1
449.307	667.649	10.35	0.0424047	9699841	243.798	-1
557.572	847.874	5.35006	0.0409325	12124672	89.532	-1
558.433	784.101	11.8226	0.0410557	2622209	90.3004	-1
558.465	855.252	3.94883	0.0416328	6881536	264.914	-1
480.99	911.965	4.73407	0.0444112	3277312	89.4607	-1
480.99	911.965	4.73407	0.0444112	3277312	269.995	-1
559.313	337.207	1.80496	0.0442385	393727	27.2921	-1
190.891	690.659	2.28553	0.0444949	721663	328.813	-1
190.202	758.787	3.81552	0.042401	4391168	171.838	-1
561.931	861.443	5.19996	0.0444301	10027520	90.8499	-1
561.931	861.443	5.19996	0.0444301	10027520	177.606	-1
482.908	854.029	4.11291	0.040535	9765120	310.919	-1
446.102	254.206	1.84654	0.0427655	2032127	180.381	-1
267.543	179.381	9.10816	0.041156	459265	268.971	-1
520.738	912.468	4.88894	0.0402491	5571072	268.433	-1
533.947	275.546	2.43569	0.0397864	5309183	353.434	-1
243.829	229.238	7.46086	0.0402182	2752769	337.599	-1
321.322	290.978	5.36884	0.038858	12386816	347.339	-1
544.918	321.501	2.78744	0.0389053	15074047	277.073	-1
546.215	336.154	6.08411	0.0388654	4719360	41.5444	-1
358.542	372.687	1.81708	0.0402362	852479	342.369	-1
546.215	336.154	6.08411	0.0388654	4719360	199.809	-1
278.464	241.307	3.18106	0.0400256	7930879	84.2877	-1
189.415	411.448	2.21633	0.039866	15204863	355.525	-1
409.276	274.577	5.89842	0.0390766	2425600	5.03021	-1
492.165	331.402	6.41994	0.0398765	8585984	194.243	-1
533.947	275.546	2.43569	0.0397864	5309183	291.926	-1
525.059	881.478	4.17771	0.0399761	10944768	90.1497	-1
439.914	296.986	6.1194	0.0387821	5112576	181.634	-1
460.992	293.318	6.15934	0.0388206	5571328	13.4999	-1
315.083	613.115	15.4669	0.040104	5308674	82.9067	-1
529.901	879.926	4.46574	0.0393144	15728896	83.8299	-1
489.969	882.417	5.1143	0.0400241	8847872	268.432	-1
468.949	287.21	5.25149	0.0388212	10748416	292.702	-1
468.949	287.21	5.25149	0.0388212	10748416	9.88165	-1
420.774	436.134	6.25379	0.0401215	6685440	103.475	-1
400.02	566.391	3.2313	0.038682	9044991	109.878	-1
368.407	276.244	6.09114	0.0386538	4784896	255.359	-1
568.883	848.31	6.51214	0.0385765	9634560	95.8779	-1
368.407	276.244	6.09114	0.0386538	4784896	340.959	-1
399.87	565.962	3.61224	0.0378229	393472	108.667	-1
502.935	256.024	5.82086	0.0380903	1508096	184.689	-1
296.926	308.664	1.99947	0.0376109	7733759	263.723	-1
523.064	282.662	5.8768	0.0382875	2163456	188.375	-1
416.8	375.099	3.11965	0.0386358	6489087	172.878	-1
397.135	272.762	4.34743	0.0383914	13828352	179.047	-1
568.883	848.31	6.51214	0.0385765	9634560	268.995	-1
482.814	178.402	7.55669	0.0386448	3670273	270.59	-1
284.283	314.794	3.9927	0.0384077	7667968	151.838	-1
437.003	261.067	2.02829	0.0381877	8782335	336.449	-1
189.087	761.906	2.82417	0.0375347	16057087	358.901	-1
493.872	895.787	5.38348	0.0385856	12583424	285.154	-1
493.872	895.787	5.38348	0.0385856	12583424	83.9379	-1
210.92	894.938	1.91461	0.0384226	4653567	178.49	-1
356.201	277.104	4.15385	0.0384663	10486016	168.027	-1
462.607	253.817	5.35252	0.0385877	12124672	6.62469	-1
437.003	261.067	2.02829	0.0381877	8782335	291.635	-1
356.201	277.104	4.15385	0.0384663	10486016	256.981	-1
385.94	503.901	121.076	0.0374943	3735813	89.546	-1
385.94	503.901	121.076	0.0374943	3735813	272.824	-1
322.583	613.314	8.61726	0.0373414	13172993	269.124	-1
428.096	268.759	5.13636	0.0372677	9175552	174.011	-1
322.583	613.314	8.61726	0.0373414	13172993	91.7082	-1
252.269	342.113	5.12103	0.0371665	8913408	143.53	-1
295.841	311.734	5.25644	0.0371432	10813952	339.756	-1
510.876	251.081	5.76776	0.0370869	852736	154.447	-1
510.876	251.081	5.76776	0.0370869	852736	282.637	-1
429.519	626.112	6.40417	0.0370515	8389376	287.349	-1
429.519	626.112	6.40417	0.0370515	8389376	53.2943	-1
492.922	182.033	3.19647	0.0369799	8258559	85.5926	-1
