321.275	222.309	5.47675	0.071053	13828608	64.3129	-1
183.916	721.106	1.83293	0.0616652	1507839	180.968	-1
183.947	735.314	1.88899	0.0604893	3670527	180.688	-1
183.958	576.438	1.88726	0.0601608	3604991	180.819	-1
504.829	854.916	2.03168	0.061901	8913407	21.9963	-1
504.382	792.347	2.06085	0.0811491	9961983	267.047	-1
184.032	727.149	1.91832	0.068475	4784639	179.805	-1
504.382	792.347	2.06085	0.0811491	9961983	145.268	-1
504.382	792.347	2.06085	0.0811491	9961983	38.5679	-1
504.256	527.653	2.03251	0.0604148	8978943	175.029	-1
503.806	550.402	2.17721	0.0667291	13894143	180.822	-1
503.53	172.171	2.16736	0.110244	13566463	320.743	-1
503.53	172.171	2.16736	0.110244	13566463	111.523	-1
503.501	857.14	2.53885	0.0803187	8323839	21.7628	-1
184.129	676.533	2.10404	0.0605587	11469311	179.729	-1
184.132	693.63	2.10176	0.0601857	11403775	179.775	-1
184.144	670.374	1.96865	0.0641394	6619647	179.498	-1
502.923	323.389	2.63816	0.071678	11076351	13.6173	-1
184.173	778.644	2.16871	0.0580152	13631999	179.881	-1
184.189	783.431	2.12546	0.063676	12190207	180.351	-1
184.21	747.131	2.02814	0.0615724	8782335	178.423	-1
184.243	835.176	2.04408	0.0644511	9372159	181.216	-1
184.273	823.898	2.1175	0.0598727	11928063	179.964	-1
184.279	754.588	2.07509	0.0761007	10420735	181.167	-1
184.279	846.863	2.36122	0.0587674	3080959	179.825	-1
505.2	537.968	2.06026	0.0644853	9961983	176.089	-1
502.722	825.186	1.86565	0.101224	2753023	340.908	-1
502.719	820.044	2.60027	0.0581632	10027775	270.867	-1
502.692	835.173	2.79768	0.0818478	15336191	98.3475	-1
502.692	835.173	2.79768	0.0818478	15336191	13.0547	-1
502.615	508.725	2.40669	0.0583748	4457215	175.405	-1
502.324	261.783	12.7775	0.0804217	8258305	21.8497	-1
501.858	793.76	1.9544	0.108464	6095359	1.66522	-1
500.964	485.961	3.37663	0.070031	12256255	188.211	-1
185.311	478.158	4.0529	0.0579344	8716544	180.038	-1
500.909	630.357	2.16925	0.10161	13631999	175.112	-1
500.909	630.357	2.16925	0.10161	13631999	6.73068	-1
500.889	640.313	2.23627	0.102956	15860223	355.635	-1
185.817	872.553	2.44235	0.0671823	5505791	155.162	-1
500.889	640.313	2.23627	0.102956	15860223	186.199	-1
500.372	634.909	3.12725	0.0788969	6685695	179.635	-1
500.333	546.57	6.90779	0.0648099	13894400	277.374	-1
500.333	546.57	6.90779	0.0648099	13894400	178.058	-1
186.969	445.989	1.8128	0.0966044	655871	0.000549316	-1
186.969	445.989	1.8128	0.0966044	655871	155.741	-1
500.079	862.053	2.98926	0.0589325	3408895	265.081	-1
500.079	862.053	2.98926	0.0589325	3408895	82.4664	-1
505.654	163.47	2.40082	0.0691601	4260607	269.986	-1
499.457	851.57	2.98859	0.0615389	3408895	266.528	-1
505.686	176.761	2.51305	0.0678131	7602943	102.541	-1
505.686	176.761	2.51305	0.0678131	7602943	277.076	-1
505.936	169.939	2.65656	0.0598979	11600639	107.719	-1
498.986	856.682	2.5798	0.085763	9503487	96.6926	-1
498.986	856.682	2.5798	0.085763	9503487	12.9381	-1
498.646	824.993	2.93441	0.0617357	2098175	346.817	-1
498.646	824.993	2.93441	0.0617357	2098175	150.979	-1
498.504	890.145	1.98296	0.110421	7143935	161.602	-1
187.87	154.771	9.13823	0.0904215	721409	185.966	-1
187.87	154.771	9.13823	0.0904215	721409	315.292	-1
498.431	178.788	1.83618	0.115992	1573375	307.415	-1
497.47	163.318	2.06696	0.073568	10158591	270.001	-1
497.234	631.867	2.73053	0.102492	13566719	165.247	-1
497.234	631.867	2.73053	0.102492	13566719	11.9579	-1
497.222	638.056	2.7471	0.105302	14025471	355.037	-1
497.222	638.056	2.7471	0.105302	14025471	187.558	-1
496.339	833.016	1.9211	0.111523	4850175	152.04	-1
496.21	839.983	2.59451	0.0709477	9896703	277.861	-1
506.437	572.277	2.1982	0.0591403	14615039	16.3957	-1
506.437	572.277	2.1982	0.0591403	14615039	292.671	-1
493.996	539.336	14.0128	0.0861053	14877441	344.489	-1
493.996	539.336	14.0128	0.0861053	14877441	176.159	-1
189.481	827.62	2.2846	0.061818	721663	180.318	-1
189.596	816.902	2.41827	0.0655336	4784895	152.555	-1
493.909	634.884	3.13877	0.0851465	6947839	0.0497437	-1
493.437	640.26	2.20127	0.108606	14746111	184.166	-1
189.666	719.277	2.32972	0.0640728	2097919	160.549	-1
493.402	630.419	2.2074	0.105686	14942719	172.115	-1
493.402	630.419	2.2074	0.105686	14942719	3.85739	-1
507.079	835.501	2.4959	0.0871348	7078655	21.677	-1
492.695	854.629	1.84354	0.113436	1901055	23.118	-1
492.574	851.566	2.01148	0.0693377	8192511	285.63	-1
492.47	840.872	2.4508	0.0607771	5767935	250.164	-1
190.628	881.772	2.05099	0.0789796	9634303	154.296	-1
492.47	840.872	2.4508	0.0607771	5767935	76.3229	-1
191.23	252.553	2.58592	0.0715452	9634559	356.687	-1
191.442	452.998	2.53371	0.0582272	8192767	6.79199	-1
191.442	452.998	2.53371	0.0582272	8192767	170.397	-1
507.817	809.454	2.08774	0.07237	10879487	281.2	-1
490.764	934.844	2.44977	0.0734389	5767935	82.1901	-1
490.538	846.371	2.60817	0.0589038	10289919	359.854	-1
490.185	632.723	2.43439	0.0860082	5309183	0.227203	-1
490.002	637.612	2.6021	0.0865113	10093311	0.431244	-1
507.943	854.633	1.93486	0.111229	5374463	24.6225	-1
489.885	822.248	1.92339	0.111224	4981247	154.907	-1
507.943	854.633	1.93486	0.111229	5374463	154.751	-1
508.365	636.07	1.89237	0.0664621	3801599	0.0819092	-1
488.89	819.514	1.89522	0.0720003	3867135	260.77	-1
508.49	851.39	2.06712	0.0608234	10158591	271.808	-1
509.08	800.628	1.84104	0.0718861	1769983	89.9656	-1
488.383	630.067	1.94841	0.113601	5898751	261.586	-1
192.658	168.386	17.8478	0.0785522	15663362	182.228	-1
488.383	630.067	1.94841	0.113601	5898751	97.0862	-1
488.339	640.598	2.06028	0.108618	9961983	95.8355	-1
487.766	635.003	2.00348	0.117309	7930367	262.361	-1
487.766	635.003	2.00348	0.117309	7930367	96.8328	-1
487.375	545.531	4.8555	0.0645912	5112320	347.523	-1
487.179	841.033	2.17465	0.0713745	13828607	119.693	-1
607.97	542.932	1.92951	0.0654319	5177855	359.452	-1
607.85	772.014	2.01809	0.0636173	8454655	359.04	-1
509.172	825.149	3.83688	0.0662851	4784384	273.667	-1
194.521	889.421	2.43534	0.073041	5309183	152.804	-1
194.683	434.231	5.02485	0.0596446	7602688	169.401	-1
194.683	434.231	5.02485	0.0596446	7602688	353.934	-1
607.77	576.872	2.26488	0.0604016	66303	1.48117	-1
509.219	444.934	13.5802	0.0817854	12649217	199.589	-1
486.763	851.58	1.95094	0.0702393	5964287	250.696	-1
607.726	874.158	2.35011	0.0847669	2753279	359.068	-1
485.393	400.069	2.3588	0.0725629	3015423	96.7017	-1
485.343	832.601	3.06194	0.0649119	5178367	227.963	-1
485.228	398.842	4.30302	0.0694459	13041920	99.108	-1
607.563	752.897	2.2835	0.0759462	656127	0.839722	-1
509.35	172.45	2.60046	0.10355	10093311	126.23	-1
607.381	760.75	2.7201	0.0653612	13304575	4.6254	-1
509.35	172.45	2.60046	0.10355	10093311	261.618	-1
196.823	894.342	2.3492	0.0823182	2687743	152.645	-1
484.767	846.308	2.48403	0.100178	6750975	183.334	-1
484.767	846.308	2.48403	0.100178	6750975	3.99725	-1
483.579	163.407	2.0253	0.0767774	8716799	269.929	-1
482.197	630.359	2.39088	0.0847776	3998463	78.3325	-1
482.167	277.437	12.7932	0.0690018	8323841	18.7262	-1
482.032	640.175	2.56967	0.0881197	9175807	358.082	-1
481.782	927.48	2.04988	0.0589924	9568767	214.441	-1
481.782	927.48	2.04988	0.0589924	9568767	72.3329	-1
481.708	793.724	1.9156	0.108323	4653567	175.079	-1
481.708	793.724	1.9156	0.108323	4653567	30.5148	-1
606.966	921.173	3.30555	0.0651704	10683391	1.60538	-1
510.747	175.78	1.90698	0.0747307	4325887	97.749	-1
510.747	175.78	1.90698	0.0747307	4325887	260.106	-1
511.038	163.364	2.06451	0.0739914	10093055	269.856	-1
199.728	899.455	2.31873	0.0634792	1770239	152.83	-1
478.702	163.446	2.22664	0.0758369	15532543	270.001	-1
511.049	630.385	2.28752	0.100902	787199	165.196	-1
199.875	482.059	2.47183	0.0660647	6423295	9.07852	-1
478.087	322.496	3.33142	0.067303	11273215	12.1105	-1
477.706	800.567	1.82947	0.0669031	1311231	88.414	-1
477.646	633.634	3.21451	0.0922472	8651775	359.168	-1
477.296	630.021	1.90273	0.101583	4194815	251.774	-1
477.296	630.021	1.90273	0.101583	4194815	96.9628	-1
476.702	329.482	3.18227	0.0679657	7930879	9.77386	-1
511.095	855.648	1.84577	0.0902124	1966591	9.0466	-1
511.095	855.648	1.84577	0.0902124	1966591	154.614	-1
475.523	847.021	1.82566	0.0841658	1180159	359.932	-1
511.579	634.833	3.12642	0.0800106	6685695	0.392731	-1
201.757	903.947	2.50486	0.0784508	7340799	153.471	-1
474.671	163.507	2.32312	0.0777242	1901311	270.044	-1
511.616	832.985	1.93355	0.112466	5308927	22.9266	-1
511.616	832.985	1.93355	0.112466	5308927	156.95	-1
202.284	443.348	2.94092	0.076509	2229247	167.485	-1
473.622	630.845	3.31307	0.0841339	10879999	90.3265	-1
513.158	912.597	2.05857	0.0584365	9896447	151.589	-1
513.158	912.597	2.05857	0.0584365	9896447	299.472	-1
202.71	155.699	9.79187	0.0662256	5702145	280.886	-1
202.71	155.699	9.79187	0.0662256	5702145	310.748	-1
513.308	559.261	4.53297	0.0619102	131584	30.6226	-1
513.308	559.261	4.53297	0.0619102	131584	95.5135	-1
471.207	580.749	3.78884	0.067688	3866880	350.793	-1
471.207	580.749	3.78884	0.067688	3866880	190.065	-1
470.719	796.104	2.48845	0.1027	6882047	180.84	-1
469.75	630.037	1.9465	0.0978652	5833215	287.037	-1
203.518	447.249	1.85632	0.0929893	2359807	161.613	-1
203.518	447.249	1.85632	0.0929893	2359807	330.751	-1
469.75	630.037	1.9465	0.0978652	5833215	85.1206	-1
513.765	825.961	2.50457	0.0667166	7340799	171.177	-1
513.765	825.961	2.50457	0.0667166	7340799	345.378	-1
514.338	163.439	2.23931	0.0760984	15991295	270.188	-1
468.081	828.549	1.82342	0.0750895	1114623	154.582	-1
468.081	828.549	1.82342	0.0750895	1114623	34.5355	-1
514.801	634.871	1.81376	0.0832312	721407	88.3602	-1
514.801	634.871	1.81376	0.0832312	721407	271.12	-1
466.435	666.824	1.82356	0.0596019	1114623	346.404	-1
515.006	176.609	2.09042	0.0719872	11010559	106.695	-1
515.006	176.609	2.09042	0.0719872	11010559	275.049	-1
464.655	618.989	2.53742	0.104289	8258303	323.364	-1
464.655	618.989	2.53742	0.104289	8258303	145.55	-1
207.163	915.899	2.20298	0.0705752	14746111	155.043	-1
464.097	609.127	2.28174	0.110996	590591	217.395	-1
464.097	609.127	2.28174	0.110996	590591	53.8584	-1
207.899	503.082	2.1241	0.0633213	12124671	190.284	-1
463.775	825.454	1.90128	0.0887717	4129279	359.432	-1
461.828	640.428	2.14995	0.0967714	13042175	163.122	-1
516.184	172.7	2.52237	0.109152	7865087	106.428	-1
461.049	534.98	13.1494	0.0863293	10289921	201.318	-1
460.539	638.135	2.98373	0.0824707	3277823	161.38	-1
516.184	172.7	2.52237	0.109152	7865087	256.937	-1
516.35	545.873	15.3747	0.0607424	4915458	15.3515	-1
457.835	635.086	6.42505	0.0622454	8651520	270.972	-1
457.835	635.086	6.42505	0.0622454	8651520	51.7816	-1
516.385	841.013	1.98542	0.061744	7275007	85.127	-1
457.476	631.024	3.12363	0.100791	6620159	23.7454	-1
457.416	608.973	2.09139	0.11128	11010559	166.04	-1
457.416	608.973	2.09139	0.11128	11010559	3.97052	-1
457.407	544.865	2.04666	0.0623689	9437695	283.929	-1
456.076	545.891	4.29039	0.0590576	12845312	283.269	-1
455.068	634.838	1.96832	0.0770779	6619647	19.9391	-1
453.773	258.767	3.33609	0.0610018	11338751	84.1389	-1
453.773	258.767	3.33609	0.0610018	11338751	12.6778	-1
453.275	640.695	1.95915	0.104029	6291967	223.915	-1
452.427	609.062	2.06867	0.102888	10224127	175.747	-1
599.599	479.999	15.3072	0.0632152	4587778	0.518311	-1
210.481	784.333	1.84408	0.0734528	1901055	331.534	-1
452.271	539.924	4.1987	0.0693755	11272448	283.262	-1
452.192	618.911	2.33339	0.110413	2228991	354.684	-1
451.734	634.973	2.927	0.0861489	1901567	23.5958	-1
599.371	792.99	1.99757	0.112669	7668223	177.731	-1
451.698	540.363	3.52681	0.0700651	15401983	282.838	-1
517.654	830.103	1.91598	0.07692	4653567	85.9288	-1
517.654	830.103	1.91598	0.07692	4653567	288.859	-1
517.705	819.512	1.81361	0.0852383	721407	73.9158	-1
517.705	819.512	1.81361	0.0852383	721407	279.623	-1
450.02	172.921	3.48595	0.108678	14550015	198.126	-1
212.175	925.889	2.25945	0.0631692	16581119	155.538	-1
517.948	486.182	27.1411	0.0649116	12583682	20.6617	-1
517.948	486.182	27.1411	0.0649116	12583682	188.012	-1
449.272	637.473	2.24437	0.0896213	16122367	145.825	-1
517.977	634.953	2.79494	0.0791965	15270655	179.883	-1
518.009	163.366	2.09518	0.0768484	11141631	269.829	-1
448.582	631.321	2.08835	0.109822	10879487	305.39	-1
448.582	631.321	2.08835	0.109822	10879487	129.502	-1
448.278	612.534	3.09914	0.101876	6030335	356.704	-1
518.097	277.092	2.75769	0.066062	14287615	23.6503	-1
518.097	277.092	2.75769	0.066062	14287615	90.3701	-1
446.378	166.149	6.67766	0.0774664	11404032	269.864	-1
518.576	630.191	2.1033	0.10731	11403775	7.99194	-1
216.309	406.975	50.8199	0.0740738	7799555	178.614	-1
597.326	795.511	2.01223	0.102003	8258047	355.297	-1
597.326	795.511	2.01223	0.102003	8258047	184.738	-1
518.595	640.37	2.08471	0.103956	10813951	355.19	-1
445.617	638.272	2.18211	0.125759	14090751	285.939	-1
518.9	814.091	2.53697	0.0921915	8258303	359.472	-1
444.524	609.616	3.30236	0.086926	10617855	94.3496	-1
444.483	618.692	2.53772	0.103511	8323839	358.752	-1
444.483	618.692	2.53772	0.103511	8323839	183.303	-1
519.024	840.376	2.94203	0.0587701	2294783	93.6206	-1
519.024	840.376	2.94203	0.0587701	2294783	258.238	-1
519.137	175.742	2.06773	0.0906049	10224127	90.3418	-1
217.448	933.253	4.05454	0.0659685	8782080	150.611	-1
519.137	175.742	2.06773	0.0906049	10224127	267.462	-1
519.169	278.209	4.40694	0.0636451	14811392	95.3568	-1
217.87	514.326	53.9083	0.0611603	12059395	178.464	-1
441.625	633.378	2.36306	0.0902071	3146495	338.205	-1
441.542	639.047	1.9522	0.108739	6029823	311.297	-1
441.542	639.047	1.9522	0.108739	6029823	126.05	-1
441.398	171.721	3.40661	0.11196	12911615	343.074	-1
441.392	502.177	2.50907	0.0620724	7471871	177.264	-1
519.396	824.833	2.46146	0.0868783	6095615	83.2853	-1
440.608	608.768	1.85916	0.104005	2490879	287.533	-1
519.396	824.833	2.46146	0.0868783	6095615	187.29	-1
439.666	504.241	5.19389	0.061466	9961984	177.384	-1
519.396	824.833	2.46146	0.0868783	6095615	270.408	-1
437.351	640.612	1.95602	0.0972155	6160895	163.594	-1
437.211	616.242	2.50854	0.0945463	7471871	151.579	-1
436.486	610.188	2.01111	0.101986	8192511	129.309	-1
520.126	856.617	2.14416	0.0983857	12845567	185.177	-1
520.126	856.617	2.14416	0.0983857	12845567	354.556	-1
435.427	634.55	1.95057	0.077903	5964287	160.217	-1
520.472	867.884	2.50116	0.102105	7275263	180.916	-1
434.642	172.988	5.29622	0.0653811	11403776	160.224	-1
593.701	465.325	4.0116	0.0751095	7995648	203.144	-1
434.299	653.273	8.91759	0.0630013	15663361	294.82	-1
520.714	554.612	4.72918	0.0815943	3211776	21.6962	-1
520.714	554.612	4.72918	0.0815943	3211776	91.0015	-1
433.505	935.159	2.20203	0.0590607	14746111	91.7737	-1
432.993	631.178	3.12809	0.092832	6685695	20.9897	-1
432.934	611.088	2.02623	0.128034	8716799	108.695	-1
432.623	178.862	2.9566	0.108166	2622463	298.457	-1
432.623	178.862	2.9566	0.108166	2622463	139.96	-1
432.583	454.141	13.2632	0.0657848	10945281	333.612	-1
432.583	454.141	13.2632	0.0657848	10945281	172.175	-1
432.527	510.108	12.8166	0.070318	8454913	20.9016	-1
593.701	465.325	4.0116	0.0751095	7995648	113.423	-1
430.847	270.786	8.46173	0.0741399	11862273	12.048	-1
429.434	617.93	2.13072	0.101114	12386815	314.829	-1
429.434	617.93	2.13072	0.101114	12386815	124.712	-1
428.719	640.428	2.00167	0.0996003	7864831	18.1706	-1
428.114	169.938	3.4198	0.0976261	13173759	179.808	-1
426.698	636.334	2.888	0.0959299	918527	178.629	-1
426.698	636.334	2.888	0.0959299	918527	21.485	-1
521.213	163.328	1.87801	0.0774749	3211775	270.054	-1
424.941	178.921	2.16461	0.0887287	13500927	273.913	-1
424.911	174.045	7.40543	0.0875289	2228481	270.949	-1
424.525	165.126	4.83488	0.0997302	4784640	267.739	-1
521.315	567.854	15.5441	0.0758153	5701890	36.92	-1
521.315	567.854	15.5441	0.0758153	5701890	250.078	-1
521.373	438.049	2.01542	0.0853363	8323583	103.417	-1
521.373	438.049	2.01542	0.0853363	8323583	202.494	-1
591.946	466.081	5.77743	0.0724071	983808	202.805	-1
591.946	466.081	5.77743	0.0724071	983808	117.325	-1
422.761	636.154	2.86189	0.0784324	263167	180.132	-1
420.881	608.771	1.93664	0.110866	5439999	248.807	-1
521.851	830.247	2.62295	0.0637665	10683135	104.324	-1
521.851	830.247	2.62295	0.0637665	10683135	244.17	-1
420.081	632.882	2.32336	0.141805	1901311	116.005	-1
420.081	632.882	2.32336	0.141805	1901311	87.517	-1
419.997	638.707	2.53501	0.110798	8192767	344.63	-1
419.997	638.707	2.53501	0.110798	8192767	195.787	-1
418.996	334.306	3.79827	0.0676798	4063488	0.118683	-1
418.537	175.996	1.9634	0.0921186	6423039	339.811	-1
591.27	460.41	1.89282	0.0642625	3801599	110.121	-1
418.007	360.599	2.56272	0.0721511	8979199	3.59216	-1
417.664	367.135	2.7445	0.0668183	13959935	358.229	-1
417.075	609.596	3.42618	0.0890326	13304831	92.007	-1
416.968	618.811	2.52436	0.108451	7930623	354.906	-1
416.968	618.811	2.52436	0.108451	7930623	184.168	-1
416.913	635.919	3.06868	0.0842628	5309439	359.453	-1
416.825	630.514	2.68354	0.0974782	12321535	87.0076	-1
416.825	630.514	2.68354	0.0974782	12321535	4.08597	-1
522.67	854.539	2.16268	0.099087	13435391	89.3593	-1
523.063	282.851	10.4224	0.0673774	10224129	110.928	-1
415.364	515.425	9.67404	0.095182	4784641	167.253	-1
415.364	515.425	9.67404	0.095182	4784641	13.1306	-1
415.188	450.313	9.46979	0.0926308	3277313	342.7	-1
415.188	450.313	9.46979	0.0926308	3277313	193.222	-1
414.764	177.839	3.39519	0.122488	12649471	264.45	-1
523.063	282.851	10.4224	0.0673774	10224129	180.057	-1
412.962	612.548	3.16874	0.0955758	7668735	354.976	-1
412.962	612.548	3.16874	0.0955758	7668735	183.426	-1
411.726	164.998	5.1327	0.0822866	9110016	272.009	-1
411.453	635.17	4.71184	0.0617281	2949632	185.483	-1
411.284	418.277	7.49782	0.0703512	3080449	81.1473	-1
410.872	932.741	5.73355	0.0588669	393984	89.7164	-1
226.119	834.292	2.19542	0.0585943	14549503	95.4579	-1
226.119	834.292	2.19542	0.0585943	14549503	195.095	-1
523.544	640.431	1.99193	0.103853	7471615	191.696	-1
409.34	547.637	8.0852	0.0632638	8519937	282.595	-1
409.129	618.898	2.35196	0.108272	2818815	184.923	-1
408.957	609.081	2.00227	0.100922	7864831	4.26355	-1
226.977	907.484	1.96105	0.0589608	6357503	157.235	-1
408.62	169.632	2.60592	0.116428	10224383	116.538	-1
523.544	640.431	1.99193	0.103853	7471615	355.336	-1
523.626	630.347	2.1279	0.0999877	12255743	3.82904	-1
406.691	640.509	1.97507	0.111326	6881791	185.223	-1
406.56	607.097	2.47195	0.0605797	6423295	259.746	-1
523.626	630.347	2.1279	0.0999877	12255743	176.191	-1
404.897	170.558	2.0517	0.115391	9634303	306.09	-1
404.897	170.558	2.0517	0.115391	9634303	146.93	-1
523.83	834.898	2.01701	0.0949582	8389119	185.921	-1
403.97	609.243	2.25936	0.103576	16581119	2.90338	-1
403.582	527.943	15.1326	0.0619892	3735810	339.405	-1
399.16	913.141	2.03895	0.0671283	9175551	54.1231	-1
523.83	834.898	2.01701	0.0949582	8389119	355.782	-1
397.999	178.541	3.39482	0.104319	12649471	262.773	-1
397.77	631.159	3.02695	0.0941832	4326399	157.784	-1
396.671	640.532	1.92023	0.105049	4850175	354.026	-1
396.643	934.15	4.16827	0.0604931	10748160	87.4084	-1
396.64	609.229	2.25039	0.107733	16318975	176.491	-1
396.64	609.229	2.25039	0.107733	16318975	10.5241	-1
524.023	862.93	2.67852	0.0594776	12190463	110.914	-1
524.247	163.512	2.45025	0.0700635	5767935	270.024	-1
393.923	935.094	2.13605	0.0697375	12517887	91.2552	-1
393.739	165.95	6.63809	0.0855046	11010816	270.516	-1
393.574	617.461	2.16984	0.0887371	13697535	347.181	-1
393.574	617.461	2.16984	0.0887371	13697535	144.51	-1
393.554	610.062	1.99318	0.0845423	7537151	8.49493	-1
391.715	640.369	2.0515	0.104401	9634303	356.776	-1
391.673	630.344	2.09983	0.102177	11338239	4.12045	-1
524.909	175.998	2.37548	0.0582209	3539711	295.077	-1
525.062	856.567	2.08474	0.105621	10813951	18.4036	-1
390.912	573.179	3.17029	0.0596634	7668735	357.997	-1
390.912	573.179	3.17029	0.0596634	7668735	168.691	-1
390.445	609.125	2.24101	0.101417	15991295	222.427	-1
584.147	798.683	2.00522	0.105901	7995903	42.0881	-1
388.714	635.886	2.1243	0.111462	12124671	359.368	-1
388.714	635.886	2.1243	0.111462	12124671	175.827	-1
526.318	832.889	2.19716	0.0977229	14615039	90.2397	-1
526.52	851.597	3.01163	0.0640491	3998719	275.535	-1
386.445	640.259	2.18638	0.10107	14221823	349.432	-1
386.445	640.259	2.18638	0.10107	14221823	178.61	-1
386.443	617.319	1.84453	0.112684	1901055	319.424	-1
386.443	617.319	1.84453	0.112684	1901055	186.67	-1
526.554	829.64	2.53553	0.0590832	8258303	90.2065	-1
385.649	613.618	4.24513	0.0738221	12058880	259.491	-1
583.378	469.186	13.2589	0.0915642	10879745	203.439	-1
583.378	469.186	13.2589	0.0915642	10879745	37.1529	-1
385.649	613.618	4.24513	0.0738221	12058880	170.081	-1
232.471	438.307	4.78106	0.0832048	3998208	62.1038	-1
232.471	438.307	4.78106	0.0832048	3998208	344.923	-1
385.649	613.618	4.24513	0.0738221	12058880	99.3566	-1
526.731	823.955	1.81694	0.109572	852479	185.411	-1
385.34	635.89	2.66072	0.0784859	11731711	177.52	-1
385.321	627.355	2.3776	0.0578918	3605247	101.901	-1
383.851	619.169	2.06914	0.104196	10224127	186.98	-1
383.767	608.987	2.04206	0.110511	9306623	165.829	-1
383.767	608.987	2.04206	0.110511	9306623	7.64218	-1
382.823	632.899	2.34272	0.143339	2491135	300.555	-1
382.823	632.899	2.34272	0.143339	2491135	76.3631	-1
382.823	632.899	2.34272	0.143339	2491135	53.692	-1
583.129	885.505	2.634	0.0986148	11010815	177.77	-1
582.954	163.405	2.19924	0.0675812	14680575	306.655	-1
582.954	163.405	2.19924	0.0675812	14680575	279.382	-1
382.705	638.568	2.51527	0.102175	7668479	345.984	-1
382.705	638.568	2.51527	0.102175	7668479	192.009	-1
527.832	638.222	1.85901	0.0970195	2490879	143.204	-1
382.345	266.294	13.3167	0.0817698	11207425	8.83209	-1
528.044	163.422	2.06951	0.0786332	10224127	269.939	-1
381.822	177.69	3.61872	0.0812478	524544	294.371	-1
380.871	627.537	1.89785	0.0677435	3998207	89.4346	-1
380.233	169.667	3.29958	0.103603	10552319	86.2233	-1
234.378	439.113	7.17316	0.0822876	16581376	64.7693	-1
234.378	439.113	7.17316	0.0822876	16581376	343.26	-1
380.035	181.829	2.27867	0.110027	525055	290.672	-1
380.035	181.829	2.27867	0.110027	525055	128.521	-1
528.047	579.287	1.96989	0.0640394	6685183	253.49	-1
379.75	580.682	3.87054	0.0645529	5374208	353.754	-1
582.322	795.704	2.58513	0.0728756	9634559	210.485	-1
379.75	580.682	3.87054	0.0645529	5374208	185.987	-1
379.579	635.822	2.9644	0.0837715	2819071	359.99	-1
582.322	795.704	2.58513	0.0728756	9634559	37.9872	-1
379.533	630.578	2.53303	0.0934086	8192767	3.10168	-1
235.578	163.293	1.90527	0.0757032	4260351	269.896	-1
235.583	173.616	2.61488	0.111079	10486527	60.8868	-1
235.583	173.616	2.61488	0.111079	10486527	314.142	-1
379.218	640.316	2.14713	0.105764	12911103	357.92	-1
528.234	795.481	2.04112	0.0966645	9241087	165.593	-1
378.932	615.581	2.19839	0.0884964	14615039	130.124	-1
378.924	618.344	2.01406	0.0831516	8323583	226.029	-1
378.818	176.153	1.82827	0.0904908	1311231	224.513	-1
378.818	176.153	1.82827	0.0904908	1311231	133.484	-1
378.781	610.312	1.90792	0.112653	4391423	140.87	-1
528.697	835.091	2.03311	0.10339	8978943	19.9562	-1
528.837	854.627	1.81656	0.107255	852479	24.5093	-1
528.837	854.627	1.81656	0.107255	852479	68.1505	-1
376.377	639.089	1.98871	0.0959541	7406079	359.682	-1
528.837	854.627	1.81656	0.107255	852479	97.8103	-1
528.837	854.627	1.81656	0.107255	852479	155.527	-1
375.409	616.975	2.17351	0.123505	13828607	288.609	-1
375.327	177.233	4.83692	0.0871602	4784640	299.392	-1
528.854	862.528	3.33954	0.0608265	11469823	80.2306	-1
375.076	611.069	2.00487	0.128045	7930367	108.695	-1
374.953	634.858	3.83661	0.087425	4784384	0.598633	-1
374.41	683.094	7.05281	0.0583336	15401728	187.287	-1
528.854	862.528	3.33954	0.0608265	11469823	271.164	-1
580.703	171.572	14.4882	0.0665155	590082	300.033	-1
528.981	857.642	3.70745	0.066142	2294016	272.432	-1
580.671	170.708	13.5156	0.0677115	12321537	305.476	-1
580.671	170.708	13.5156	0.0677115	12321537	277.382	-1
373.756	165.965	6.65871	0.0886079	11207424	269.995	-1
373.654	630.017	2.03553	0.106071	9044479	219.11	-1
373.558	640.11	2.43508	0.107738	5309183	316.624	-1
373.558	640.11	2.43508	0.107738	5309183	145.09	-1
529.014	822.094	2.10785	0.0986849	11600383	89.3373	-1
372.039	609.576	2.07356	0.0837409	10420735	42.7338	-1
372.031	612.794	2.14685	0.0853899	12911103	308.779	-1
371.616	617.943	1.99578	0.107122	7602687	317.252	-1
371.616	617.943	1.99578	0.107122	7602687	121.534	-1
529.615	772.95	1.87188	0.0608966	3015167	180.91	-1
530.03	175.383	2.52517	0.0656088	7930623	100.492	-1
369.921	614.797	2.21035	0.101263	15008255	179.914	-1
369.122	638.637	1.91061	0.107857	4456959	319.376	-1
369.122	638.637	1.91061	0.107857	4456959	186.614	-1
368.239	634.841	4.59769	0.0780003	1114624	176.687	-1
368.239	634.841	4.59769	0.0780003	1114624	12.6494	-1
367.351	593.358	2.4642	0.057852	6161151	180.145	-1
238.722	174.014	1.86493	0.101326	2753023	120.415	-1
238.722	174.014	1.86493	0.101326	2753023	183.583	-1
238.722	174.014	1.86493	0.101326	2753023	238.376	-1
367.351	593.358	2.4642	0.057852	6161151	12.4376	-1
366.846	609.107	2.1024	0.105191	11403775	171.42	-1
366.846	609.107	2.1024	0.105191	11403775	6.43182	-1
366.841	619.082	2.10615	0.100912	11534847	355.594	-1
366.841	619.082	2.10615	0.100912	11534847	185.942	-1
531.042	172.192	1.85421	0.115916	2294271	78.0297	-1
579.948	459.358	3.23493	0.0703848	9110527	106.529	-1
579.948	459.358	3.23493	0.0703848	9110527	34.1104	-1
366.523	640.327	2.17316	0.107411	13763071	356.733	-1
366.523	640.327	2.17316	0.107411	13763071	187.096	-1
366.495	630.232	2.0593	0.106283	9896447	165.841	-1
579.893	874.649	1.85202	0.0599094	2228735	232.039	-1
366.495	630.232	2.0593	0.106283	9896447	4.86392	-1
579.893	874.649	1.85202	0.0599094	2228735	22.6826	-1
531.042	172.192	1.85421	0.115916	2294271	312.804	-1
363.971	613.518	2.01138	0.113824	8192511	0.318298	-1
363.962	293.632	8.32258	0.0698955	10617089	3.57559	-1
363.538	535.09	17.0478	0.0579495	12386562	268.252	-1
363.538	535.09	17.0478	0.0579495	12386562	189.151	-1
361.703	338.335	3.66758	0.0632856	1507584	353.208	-1
531.443	824.099	2.00189	0.105229	7864831	356.739	-1
240.654	163.269	2.00313	0.0739936	7864831	269.999	-1
359.664	430.541	10.4504	0.0787943	10420737	340.759	-1
578.844	893.515	1.85352	0.088777	2294271	263.853	-1
359.664	430.541	10.4504	0.0787943	10420737	138.825	-1
241.13	934.961	2.4676	0.0709062	6292223	88.6421	-1
531.682	163.377	2.03499	0.0742795	9044479	269.815	-1
357.972	616.582	2.3756	0.137438	3539711	269.952	-1
357.439	630.001	1.93562	0.103225	5439999	252.256	-1
357.439	630.001	1.93562	0.103225	5439999	96.9774	-1
355.458	526.961	2.11782	0.0597825	11928063	43.7081	-1
355.328	606.036	2.35251	0.0654807	2818815	93.0651	-1
355.209	550.847	2.36265	0.0579736	3146495	259.353	-1
354.943	613.872	2.66225	0.0639267	11731711	359.303	-1
354.923	934.787	2.42285	0.0598339	4915967	86.644	-1
354.813	618.973	2.54915	0.0773972	8651519	267.876	-1
354.744	609.147	2.43669	0.0776614	5374719	91.7111	-1
532.664	835.654	3.88114	0.0680716	5570816	82.4816	-1
353.546	630.812	3.29507	0.0832222	10486783	90.3332	-1
532.664	835.654	3.88114	0.0680716	5570816	157.11	-1
353.521	640.328	2.1885	0.101623	14287359	183.347	-1
532.664	835.654	3.88114	0.0680716	5570816	275.828	-1
352.352	523.22	8.71966	0.0822262	14024961	157.327	-1
242.166	168.853	2.22912	0.0578782	15598079	92.3401	-1
533.071	630.566	2.32415	0.10181	1966847	3.7338	-1
533.071	630.566	2.32415	0.10181	1966847	177.935	-1
533.168	853.335	1.8037	0.0937792	328191	204.429	-1
349.873	630.002	1.86517	0.0974541	2753023	291.838	-1
349.873	630.002	1.86517	0.0974541	2753023	85.7094	-1
349.457	633.285	3.01547	0.0888513	4064255	359.337	-1
349.457	633.285	3.01547	0.0888513	4064255	181.602	-1
533.168	853.335	1.8037	0.0937792	328191	339.378	-1
347.201	228.475	4.22385	0.11376	11731200	87.241	-1
345.307	630.225	2.11037	0.0978321	11665919	3.8934	-1
345.116	538.101	15.3428	0.0614734	4718850	285.144	-1
534.639	490.033	2.67146	0.0583271	11993855	10.642	-1
343.735	329.586	10.04	0.0664993	7471617	354.915	-1
343.735	329.586	10.04	0.0664993	7471617	151.671	-1
343.735	329.586	10.04	0.0664993	7471617	75.179	-1
576.835	794.625	2.13088	0.102086	12386815	182.416	-1
342.021	913.427	2.28657	0.0685426	787199	278.096	-1
342.021	913.427	2.28657	0.0685426	787199	65.4868	-1
576.835	794.625	2.13088	0.102086	12386815	27.2281	-1
341.722	637.847	2.48621	0.107355	6816511	169.935	-1
341.722	637.847	2.48621	0.107355	6816511	6.27252	-1
341.13	643.544	2.01768	0.0611653	8389119	276.041	-1
535.97	163.636	2.69613	0.0699761	12649215	270.351	-1
536.127	713.964	2.16742	0.0588906	13566463	105.507	-1
576.121	897.195	1.91689	0.112517	4719103	304.523	-1
576.121	897.195	1.91689	0.112517	4719103	108.917	-1
244.482	443.452	18.6227	0.0914701	2032130	62.0093	-1
244.482	443.452	18.6227	0.0914701	2032130	347.829	-1
536.127	713.964	2.16742	0.0588906	13566463	258.015	-1
337.996	630.509	2.32559	0.10096	1966847	175.398	-1
336.466	428.878	2.18329	0.0767539	14156287	81.0193	-1
537.226	862.398	1.93731	0.0593193	5505535	99.5277	-1
244.503	220.474	9.60596	0.0859491	4325889	53.4994	-1
537.668	814.08	2.4563	0.107084	5964543	1.4899	-1
537.668	814.08	2.4563	0.107084	5964543	178.94	-1
537.973	855.106	1.87798	0.11221	3211775	177.101	-1
537.999	640.535	2.05712	0.104966	9830911	17.0721	-1
333.854	225.11	2.49148	0.0816184	6947583	157.769	-1
333.854	225.11	2.49148	0.0816184	6947583	99.2855	-1
333.473	640.658	2.02141	0.106392	8585727	266.262	-1
333.473	640.658	2.02141	0.106392	8585727	93.6261	-1
333.329	935.365	1.84289	0.0597493	1835519	91.7975	-1
246.145	174.626	1.90992	0.0919175	4456959	42.2905	-1
538.094	806.378	2.08794	0.0625171	10879487	310.217	-1
539.97	634.571	1.87734	0.0722606	3211775	19.6545	-1
330.187	236.47	6.49626	0.062915	9437952	254.87	-1
329.95	632.914	2.11088	0.0593796	11665919	179.733	-1
329.906	638.065	1.8184	0.0907293	918015	176.63	-1
246.551	211.698	3.03955	0.0658323	4654079	286.069	-1
329.906	638.065	1.8184	0.0907293	918015	94.6563	-1
540.191	862.513	2.65798	0.0598396	11666175	69.4191	-1
575.435	902.081	1.89266	0.0591854	3801599	234.658	-1
540.601	175.449	2.00592	0.0648513	7995903	297.036	-1
540.71	820.159	3.49551	0.0607949	14746623	42.5817	-1
247.267	163.761	2.99727	0.066979	3605503	270.185	-1
575.435	902.081	1.89266	0.0591854	3801599	101.249	-1
540.71	820.159	3.49551	0.0607949	14746623	137.723	-1
327.577	640.086	2.59947	0.0891827	10027775	358.62	-1
327.577	640.086	2.59947	0.0891827	10027775	274.233	-1
327.159	630.671	2.34231	0.106792	2491135	2.96021	-1
540.71	820.159	3.49551	0.0607949	14746623	254.496	-1
540.933	857.828	2.06123	0.083395	9961983	38.6087	-1
540.933	857.828	2.06123	0.083395	9961983	180.014	-1
541.619	833.52	1.91989	0.118525	4850175	177.66	-1
541.619	833.52	1.91989	0.118525	4850175	334.718	-1
542.417	631.144	3.1749	0.0952059	7799807	158.467	-1
542.619	179.914	2.18679	0.108829	14221823	137.488	-1
324.096	226.554	11.1398	0.103357	15008257	254.773	-1
324.096	226.554	11.1398	0.103357	15008257	108.681	-1
324.096	226.554	11.1398	0.103357	15008257	79.8022	-1
542.619	179.914	2.18679	0.108829	14221823	289.499	-1
322.416	640.482	2.01489	0.0998207	8323583	162.45	-1
543.763	822.274	1.95764	0.111479	6226431	154.06	-1
318.277	631.188	3.18211	0.0949845	7930879	158.61	-1
544.664	836.245	2.17338	0.0810072	13828607	180.833	-1
573.482	163.354	1.98901	0.0697898	7406079	269.628	-1
544.817	634.634	1.92819	0.0732622	5112319	160.229	-1
544.958	890.454	1.90791	0.0863118	4391423	179.716	-1
546.074	523.245	24.1381	0.0647652	4129538	17.4214	-1
249.461	175.219	2.29108	0.0996478	918271	138.422	-1
546.074	523.245	24.1381	0.0647652	4129538	207.397	-1
315.428	637.721	2.74921	0.0803497	14091007	21.5042	-1
572.674	886.554	2.15102	0.110542	13042175	193.031	-1
572.674	886.554	2.15102	0.110542	13042175	20.8242	-1
546.133	445.72	2.43339	0.0812184	5243647	16.4561	-1
546.133	445.72	2.43339	0.0812184	5243647	105.637	-1
546.421	838.2	1.91184	0.104441	4522495	37.6706	-1
546.599	640.415	2.18078	0.101693	14025215	162.488	-1
249.799	167.183	8.35836	0.063225	10944769	269.81	-1
546.599	640.415	2.18078	0.101693	14025215	316.372	-1
314.197	230.246	4.82035	0.0711458	4588032	278.812	-1
314.197	230.246	4.82035	0.0711458	4588032	43.7395	-1
546.604	446.541	3.38039	0.0794977	12321791	16.1379	-1
313.968	640.55	1.98688	0.0971516	7340543	223.855	-1
313.968	640.55	1.98688	0.0971516	7340543	16.6917	-1
313.945	237.218	5.54979	0.0689146	14746112	277.612	-1
250.585	234.549	1.81508	0.119935	786943	45.8021	-1
250.585	234.549	1.81508	0.119935	786943	252.707	-1
546.604	446.541	3.38039	0.0794977	12321791	106.331	-1
546.655	163.343	2.27883	0.0697937	525055	269.905	-1
251.447	244.5	8.14241	0.0974325	9044225	217.815	-1
251.447	244.5	8.14241	0.0974325	9044225	350.314	-1
313.077	317.506	13.124	0.0799313	10158849	352.87	-1
313.077	317.506	13.124	0.0799313	10158849	150.523	-1
546.915	226.807	96.0924	0.09258	3736324	275.802	-1
312.502	635.758	2.43951	0.088199	5440255	22.2627	-1
546.919	883.57	2.14771	0.0633748	12911103	40.9278	-1
312.368	634.966	2.91449	0.089247	1573887	23.0441	-1
546.919	883.57	2.14771	0.0633748	12911103	191.37	-1
546.919	883.57	2.14771	0.0633748	12911103	288.138	-1
252.71	210.042	4.39699	0.11708	14614784	121.459	-1
252.71	210.042	4.39699	0.11708	14614784	293.886	-1
547.183	447.479	4.42677	0.0791295	15139072	16.1472	-1
547.183	447.479	4.42677	0.0791295	15139072	106.658	-1
253.399	935.205	2.41194	0.0616785	4588287	89.8514	-1
548.757	859.736	1.85409	0.104929	2294271	43.6066	-1
548.757	859.736	1.85409	0.104929	2294271	276.94	-1
309.427	636.694	2.30003	0.0853133	1180415	143.144	-1
309.377	631.435	2.01184	0.109996	8192511	302.699	-1
309.377	631.435	2.01184	0.109996	8192511	134.473	-1
549.57	822.296	1.98574	0.111619	7275007	7.94604	-1
308.522	527.392	23.1962	0.0650405	1245954	336.863	-1
308.522	527.392	23.1962	0.0650405	1245954	203.196	-1
571.35	838.863	2.32328	0.0613457	1901311	347.369	-1
253.644	175.324	2.63317	0.0967579	10945279	138.422	-1
253.721	372.925	13.6605	0.0746847	13042433	331.205	-1
571.35	838.863	2.32328	0.0613457	1901311	231.174	-1
550.531	830.409	2.88842	0.0585262	918527	271.293	-1
307.718	222.045	3.9635	0.110633	7143680	255.847	-1
307.718	222.045	3.9635	0.110633	7143680	101.984	-1
307.18	493.975	2.07712	0.0583273	10551807	168.943	-1
551.324	630.631	2.40657	0.108541	4457215	2.26208	-1
551.324	630.631	2.40657	0.108541	4457215	175.524	-1
570.567	397.804	65.2095	0.081127	9109764	4.16711	-1
305.995	635.354	2.108	0.0906294	11600383	288.286	-1
570.424	882.555	2.37361	0.0929901	3474175	181.239	-1
305.728	632.381	2.09033	0.128455	11010559	106.508	-1
305.299	227.575	4.04138	0.12207	8519936	256.709	-1
570.063	163.461	2.22033	0.0782357	15335935	269.716	-1
570.023	858.682	1.85269	0.0910124	2228735	161.689	-1
569.998	845.983	2.77874	0.0770551	14877439	249.956	-1
305.299	227.575	4.04138	0.12207	8519936	82.5803	-1
551.975	163.298	2.05879	0.0781854	9896447	269.964	-1
569.998	845.983	2.77874	0.0770551	14877439	173.393	-1
569.998	845.983	2.77874	0.0770551	14877439	106.797	-1
569.432	834.217	2.17346	0.065137	13828607	169.456	-1
552.017	820.161	2.56814	0.0711566	9175807	268.747	-1
552.049	891.606	2.18551	0.112794	14221823	133.292	-1
552.17	882.82	1.95492	0.114602	6160895	226.845	-1
255.654	808.696	2.04495	0.0677417	9372159	93.2354	-1
255.654	808.696	2.04495	0.0677417	9372159	307.033	-1
552.312	172.673	2.65505	0.10711	11535103	118.66	-1
568.751	886.773	2.59037	0.0903294	9765631	315.971	-1
302.152	639.106	1.99432	0.114709	7602687	321.355	-1
568.751	886.773	2.59037	0.0903294	9765631	39.5183	-1
302.152	639.106	1.99432	0.114709	7602687	124.117	-1
552.369	838.202	1.94796	0.0947199	5898751	46.612	-1
552.369	838.202	1.94796	0.0947199	5898751	274.627	-1
553.054	865.368	1.91028	0.110124	4456959	26.6718	-1
256.775	220.607	4.30471	0.110231	13107456	30.9338	-1
256.775	220.607	4.30471	0.110231	13107456	185.741	-1
553.385	830.055	2.21239	0.0612269	15073791	271.339	-1
298.76	230.027	5.54917	0.0807542	14746112	275.594	-1
568.339	854.655	1.89908	0.107347	4063743	152.862	-1
568.339	854.655	1.89908	0.107347	4063743	26.3947	-1
554.537	822.405	1.98751	0.112017	7340543	173.093	-1
297.808	562.081	3.54702	0.0612699	15795199	162.261	-1
297.769	236.452	4.45885	0.0680886	15663360	276.814	-1
296.172	503.618	14.9927	0.068923	3080450	211.662	-1
296.081	635.96	2.71161	0.0773619	13107967	179.013	-1
554.843	869.487	1.80189	0.091023	262655	161.816	-1
554.944	175.654	2.02352	0.0756461	8651263	265.821	-1
555.079	637.756	2.54342	0.111268	8454911	6.14996	-1
258.039	452.662	1.8429	0.0609051	1835519	159.746	-1
555.079	637.756	2.54342	0.111268	8454911	175.319	-1
555.274	845.992	2.48887	0.0782587	6882047	97.5693	-1
294.653	560.782	6.94742	0.0611024	14287616	246.141	-1
294.653	560.782	6.94742	0.0611024	14287616	162.709	-1
294.281	166.988	8.42595	0.06188	11534593	268.506	-1
555.274	845.992	2.48887	0.0782587	6882047	170.473	-1
555.345	541.857	2.02402	0.0606074	8651263	210.615	-1
555.538	883.612	2.24287	0.124275	16056831	50.5719	-1
555.538	883.612	2.24287	0.124275	16056831	229.227	-1
293.56	632.889	2.34886	0.141571	2687743	270.411	-1
259.629	163.377	2.00841	0.0797634	8061439	270.273	-1
293.56	632.889	2.34886	0.141571	2687743	89.3186	-1
555.685	890.464	2.56414	0.114188	9044735	125.073	-1
555.685	890.464	2.56414	0.114188	9044735	314.783	-1
259.973	519.825	1.97292	0.0591022	6816255	339.965	-1
260.065	229.884	3.73012	0.0967607	2752768	72.2633	-1
260.065	229.884	3.73012	0.0967607	2752768	185.74	-1
293.429	638.593	2.48139	0.106995	6685439	343.872	-1
293.429	638.593	2.48139	0.106995	6685439	189.561	-1
293.117	226.551	4.02994	0.106989	8323328	172.779	-1
293.117	226.551	4.02994	0.106989	8323328	37.5825	-1
567.449	890.402	2.56689	0.113293	9110271	314.213	-1
291.263	934.99	2.51814	0.0654763	7734015	89.0898	-1
260.866	175.244	3.27467	0.0816762	10028031	263.34	-1
567.449	890.402	2.56689	0.113293	9110271	126.955	-1
567.341	868.078	1.86724	0.0624489	2818559	113.526	-1
290.238	630.559	2.50921	0.0919048	7471871	3.25958	-1
567.341	868.078	1.86724	0.0624489	2818559	38.7716	-1
567.295	883.592	2.24449	0.125292	16122367	230.245	-1
567.295	883.592	2.24449	0.125292	16122367	51.6741	-1
567.239	851.368	2.38652	0.0595334	3867391	254.262	-1
567.072	896.396	2.05553	0.0647878	9765375	269.781	-1
261.578	173.519	2.16132	0.0894232	13369855	125.94	-1
261.578	173.519	2.16132	0.0894232	13369855	180.502	-1
289.977	640.31	2.1155	0.10449	11862527	356.07	-1
289.977	640.31	2.1155	0.10449	11862527	183.787	-1
262.003	452.596	8.35971	0.11701	10944769	163.613	-1
262.003	452.596	8.35971	0.11701	10944769	322.612	-1
289.889	175.982	3.34657	0.105432	11600895	266.308	-1
289.889	175.982	3.34657	0.105432	11600895	100.262	-1
289.302	211.873	4.27644	0.137597	12648704	177.847	-1
289.302	211.873	4.27644	0.137597	12648704	115.901	-1
262.842	923.323	1.85879	0.062852	2490879	39.0762	-1
262.842	923.323	1.85879	0.062852	2490879	141.6	-1
566.509	841.299	2.30844	0.066202	1442559	249.204	-1
566.509	841.299	2.30844	0.066202	1442559	114.054	-1
289.302	211.873	4.27644	0.137597	12648704	73.6245	-1
263.284	226.035	6.3495	0.101036	7799552	2.78641	-1
263.284	226.035	6.3495	0.101036	7799552	173.857	-1
566.509	841.299	2.30844	0.066202	1442559	77.3043	-1
288.882	217.314	2.63179	0.0604721	10945279	263.509	-1
263.969	929.926	1.96251	0.0597594	6423039	72.1347	-1
288.882	217.314	2.63179	0.0604721	10945279	92.0359	-1
288.272	222.33	3.7176	0.109595	2490624	173.029	-1
288.272	222.33	3.7176	0.109595	2490624	37.4138	-1
286.724	228.578	5.92208	0.0840517	2753280	272.787	-1
264.664	174.716	1.92822	0.11386	5112319	179.557	-1
286.626	637.557	2.56552	0.0894968	9110271	359.973	-1
286.591	555.636	14.9915	0.0795996	3080450	164.261	-1
285.729	350.34	13.0959	0.0814005	10027777	344.666	-1
285.729	350.34	13.0959	0.0814005	10027777	145.812	-1
285.651	175.773	2.87222	0.0942603	525311	277.486	-1
565.943	822.579	1.99765	0.11249	7668223	139.052	-1
265.548	630.48	2.51675	0.0851362	7668479	4.71808	-1
265.548	630.48	2.51675	0.0851362	7668479	82.7877	-1
285.215	640.603	1.9922	0.111384	7471615	94.7609	-1
265.656	640.204	2.51422	0.086086	7602943	274.019	-1
265.656	640.204	2.51422	0.086086	7602943	357.398	-1
565.943	822.579	1.99765	0.11249	7668223	7.35065	-1
285.19	175.832	2.60733	0.0951655	10224383	276.855	-1
284.776	217.302	4.58345	0.0817711	918016	192.357	-1
266.363	245.055	4.07565	0.0676855	9109760	89.0745	-1
266.363	245.055	4.07565	0.0676855	9109760	267.994	-1
284.746	630.042	2.01157	0.107128	8192511	264.67	-1
284.746	630.042	2.01157	0.107128	8192511	93.4866	-1
284.585	245.284	4.0737	0.0663583	9109760	94.2865	-1
284.455	634.997	1.97167	0.120138	6750719	264.631	-1
284.455	634.997	1.97167	0.120138	6750719	94.5615	-1
558.485	934.154	4.04038	0.059877	8519936	92.8025	-1
564.613	163.401	2.26325	0.0693464	767	270.624	-1
283.481	566.669	5.13429	0.0621694	9110016	337.261	-1
283.481	566.669	5.13429	0.0621694	9110016	252.315	-1
558.556	882.169	2.3553	0.0899426	2884351	142.733	-1
282.664	909.237	1.86586	0.0590211	2753023	181.948	-1
558.803	630.636	2.34146	0.101203	2491135	3.47531	-1
558.803	630.636	2.34146	0.101203	2491135	176.26	-1
280.967	637.791	1.96538	0.126323	6554111	265.104	-1
280.967	637.791	1.96538	0.126323	6554111	94.4983	-1
559.122	845.969	2.22182	0.0927007	15401471	147.642	-1
559.122	845.969	2.22182	0.0927007	15401471	340.222	-1
267.688	175.927	2.34962	0.102431	2753279	266.255	-1
563.878	882.686	2.00358	0.110315	7930367	231.134	-1
559.243	833.54	1.84796	0.113582	2097663	60.8827	-1
279.895	497.642	8.58325	0.108553	12845313	352.026	-1
268.645	632.583	2.05089	0.133351	9634303	91.1791	-1
268.645	632.583	2.05089	0.133351	9634303	268.705	-1
279.895	497.642	8.58325	0.108553	12845313	155.271	-1
563.878	882.686	2.00358	0.110315	7930367	31.011	-1
559.243	833.54	1.84796	0.113582	2097663	173.238	-1
559.243	833.54	1.84796	0.113582	2097663	335.677	-1
278.819	504.404	1.99632	0.0935161	7668223	71.0978	-1
560.224	822.243	1.90763	0.108465	4391423	27.9054	-1
560.487	163.526	2.44784	0.0684205	5702399	269.929	-1
268.995	637.805	2.37899	0.137374	3605247	89.7728	-1
268.995	637.805	2.37899	0.137374	3605247	268.619	-1
560.813	640.832	2.17931	0.0592036	14025215	209.154	-1
278.528	635.037	2.7106	0.0822312	13042431	0.37854	-1
278.466	640.234	2.52427	0.0950001	7930623	351.85	-1
270.427	163.209	1.91612	0.0722359	4653567	269.905	-1
562.915	934.302	3.25765	0.0615772	9634815	85.625	-1
271.126	246.131	1.86072	0.0751674	2556415	203.042	-1
271.126	246.131	1.86072	0.0751674	2556415	336.87	-1
278.466	640.234	2.52427	0.0950001	7930623	277.23	-1
278.333	630.482	2.47454	0.0914405	6488831	8.11783	-1
278.319	163.396	2.08506	0.0780378	10813951	269.905	-1
277.406	564.389	2.23688	0.0640043	15860223	340.53	-1
276.42	519.258	22.759	0.0665293	16581122	340.588	-1
271.742	635.05	2.55015	0.0749147	8651519	172.453	-1
276.191	262.767	152.949	0.0862574	3932677	264.889	-1
561.395	893.039	1.93261	0.0878399	5308927	217.003	-1
271.902	237.344	6.04529	0.0701078	4260608	267.538	-1
275.573	851.055	1.85636	0.0659772	2425343	26.8163	-1
275.142	634.856	2.22895	0.113495	15598079	0.311737	-1
275.109	175.923	2.52303	0.105915	7865087	270.574	-1
274.805	212.199	2.92564	0.120408	1901567	356.816	-1
274.805	212.199	2.92564	0.120408	1901567	193.08	-1
274.798	212.314	3.01216	0.119983	3998719	359.42	-1
272.57	631.263	2.2663	0.0886858	131839	148.658	-1
274.798	212.314	3.01216	0.119983	3998719	190.503	-1
272.678	227.746	7.29132	0.0761275	1048833	8.82959	-1
272.678	227.746	7.29132	0.0761275	1048833	266.58	-1
561.395	893.039	1.93261	0.0878399	5308927	327.738	-1
273.747	163.532	2.46298	0.0705835	6161151	269.964	-1
504.992	863.183	2.69131	0.0578504	12518143	81.6356	-1
219.265	773.477	2.17658	0.0568036	13894143	359.09	-1
298.096	760.195	2.49087	0.05761	6947583	263.646	-1
356.147	833.558	2.45573	0.0577432	5899007	17.779	-1
532.376	872.395	1.94276	0.0563934	5702143	287.751	-1
554.627	546.127	4.75602	0.0563297	3604992	210.143	-1
361.573	837.337	1.9443	0.057152	5767679	14.5182	-1
504.992	863.183	2.69131	0.0578504	12518143	115.55	-1
369.876	281.328	7.71361	0.0564071	5177601	2.90204	-1
370.562	281.982	6.97779	0.0568389	14615296	1.04813	-1
373.465	284.503	2.48097	0.0562785	6685439	359.604	-1
236.301	786.393	2.05332	0.0578486	9699839	224.218	-1
236.301	786.393	2.05332	0.0578486	9699839	84.2812	-1
236.174	165.902	1.96197	0.0559639	6423039	264.852	-1
504.992	863.183	2.69131	0.0578504	12518143	262.397	-1
387.184	737.468	5.65838	0.0572315	16187904	22.6856	-1
387.184	737.468	5.65838	0.0572315	16187904	116.343	-1
389.255	602.681	3.24301	0.0561678	9307135	93.3368	-1
392.745	905.013	2.34368	0.0567396	2556671	108.582	-1
392.745	905.013	2.34368	0.0567396	2556671	279.388	-1
244.49	368.535	2.70732	0.0562766	12976895	46.8616	-1
404.801	290.387	9.3023	0.0559371	1966593	102.751	-1
407.536	741.173	2.07237	0.0566375	10355199	94.5428	-1
587.035	485.259	2.16209	0.0567731	13435391	209.726	-1
263.579	732.589	1.90163	0.0567984	4129279	319.428	-1
522.302	819.287	2.91386	0.0571465	1573887	261.582	-1
189.147	839.168	2.5982	0.0572067	10027775	170.393	-1
495.449	852.843	3.04114	0.056842	4654079	265.052	-1
312.617	915.063	2.8813	0.0564706	787455	26.7086	-1
495.449	852.843	3.04114	0.056842	4654079	130.194	-1
223.943	163.353	2.25207	0.0575861	16384511	270.195	-1
521.796	886.133	1.8547	0.0558351	2359807	59.2109	-1
424.737	462.547	2.71281	0.0577725	13107967	355.927	-1
312.617	915.063	2.8813	0.0564706	787455	90.9156	-1
507.317	819.602	2.81339	0.0559479	15729407	267.673	-1
312.617	915.063	2.8813	0.0564706	787455	249.35	-1
490.625	931.492	1.87057	0.0571857	2949631	237.112	-1
490.625	931.492	1.87057	0.0571857	2949631	98.4769	-1
571.899	829.403	1.90895	0.0577969	4391423	291.344	-1
221.36	876.047	1.85248	0.0561508	2228735	261.743	-1
519.687	435.385	1.97495	0.0560192	6881791	102.106	-1
442.953	264.757	2.11838	0.0573026	11928063	12.627	-1
195.122	422.332	3.01685	0.0561169	4064255	168.807	-1
454.536	595.125	3.46456	0.05642	14091263	181.931	-1
454.536	595.125	3.46456	0.05642	14091263	357.179	-1
462.559	595.098	3.41771	0.0568031	13108223	13.9793	-1
542.402	335.025	17.7252	0.0564837	15204610	193.677	-1
574.455	789.93	2.53853	0.0564473	8323839	113.615	-1
543.134	446.514	1.95578	0.057178	6160895	11.4416	-1
467.893	591.006	2.34468	0.0558607	2556671	198.539	-1
467.893	591.006	2.34468	0.0558607	2556671	267.743	-1
482.075	411.556	12.7994	0.0564398	8323841	185.503	-1
482.075	411.556	12.7994	0.0564398	8323841	12.1858	-1
512.79	170.116	3.17622	0.0571028	7799807	118.905	-1
543.99	830.06	3.3137	0.0561716	10879999	270.733	-1
607.005	191.765	3.89571	0.0575043	5898496	355.098	-1
544.78	176.522	3.16871	0.0567253	7668735	136.757	-1
481.488	483.219	27.5143	0.0575942	13566722	188.008	-1
199.797	477.405	2.58762	0.0570806	9700095	181.066	-1
199.797	477.405	2.58762	0.0570806	9700095	359.814	-1
317.421	493.442	1.84754	0.0574897	2032127	349.793	-1
544.78	176.522	3.16871	0.0567253	7668735	280.005	-1
544.78	176.522	3.16871	0.0567253	7668735	254.835	-1
606.046	867.935	1.88241	0.0573902	3408383	322.648	-1
606.046	867.935	1.88241	0.0573902	3408383	99.0323	-1
317.969	935.185	2.32277	0.0560821	1901311	92.9825	-1
201.62	163.494	2.41718	0.0558473	4784895	271.501	-1
409.091	743.507	5.6287	0.0556109	15794688	14.157	-1
606.989	698.567	3.67027	0.0536976	1573120	0.813141	-1
533.348	176.487	2.07702	0.0544302	10486271	289.849	-1
318.075	498.232	2.3609	0.0549397	3080959	350.181	-1
532.629	862.701	2.38698	0.0548548	3867391	76.8107	-1
607.03	691.111	3.53475	0.0536372	15533055	359.885	-1
471.032	845.881	2.03578	0.0536179	9044479	183.556	-1
469.805	627.379	1.96366	0.0547905	6488575	85.2579	-1
607.156	793.721	2.99072	0.0535507	3474431	3.1181	-1
572.598	760.056	2.01896	0.0551191	8454655	136.664	-1
607.339	658.599	2.53512	0.0550131	8192767	0.722198	-1
249.754	931.712	2.05847	0.0536701	9896447	84.3318	-1
249.754	931.712	2.05847	0.0536701	9896447	248.281	-1
504.505	488.029	10.165	0.0553353	8389121	184.932	-1
503.988	166.223	2.08504	0.0535141	10813951	265.178	-1
549.394	935.311	1.87807	0.0549049	3211775	88.7908	-1
558.796	852.506	2.56334	0.0555375	9044735	68.4934	-1
282.888	759.943	1.99385	0.0544547	7537151	204.177	-1
247.195	848.049	2.38096	0.0536565	3670783	209.316	-1
363.339	595.003	3.24515	0.0538092	9372671	0.0797119	-1
363.339	595.003	3.24515	0.0538092	9372671	182.364	-1
370.952	934.445	3.24813	0.0555563	9438207	86.3002	-1
373.157	688.404	2.7206	0.05511	13304575	153.204	-1
247.195	848.049	2.38096	0.0536565	3670783	73.5716	-1
607.733	673.815	2.18357	0.055061	14156287	6.1709	-1
184.086	597.837	1.97582	0.0554348	6881791	179.814	-1
258.48	168.716	2.39024	0.054366	3932927	99.1357	-1
571.507	716.648	2.04595	0.0548633	9437695	6.75107	-1
516.654	867.824	3.2471	0.0543452	9438207	90.6997	-1
516.654	867.824	3.2471	0.0543452	9438207	267.295	-1
244.197	363.631	3.87447	0.0548193	5505280	52.7906	-1
306.855	643.607	2.14439	0.0548889	12845567	263.295	-1
528.249	524.559	2.36012	0.0535676	3080959	10.0954	-1
235.608	783.382	1.92999	0.0554249	5177855	225.611	-1
233.898	935.55	1.83439	0.0549239	1507839	87.5876	-1
212.894	914.508	2.00329	0.0545949	7930367	181.513	-1
553.525	852.134	3.73365	0.0538782	2818304	266.563	-1
330.502	539.629	2.16623	0.0553556	13566463	329.246	-1
518.635	627.137	1.94755	0.0541794	5833215	92.8288	-1
184.153	593.217	1.84378	0.0535685	1901055	180.522	-1
553.525	852.134	3.73365	0.0538782	2818304	83.545	-1
443.285	573.939	1.80272	0.0539652	262655	92.4914	-1
571.507	716.648	2.04595	0.0548633	9437695	290.971	-1
184.699	868.992	2.60132	0.0551978	10093311	171.131	-1
394.452	569.511	2.57364	0.0547971	9306879	357.805	-1
523.989	794.058	4.12974	0.0546131	10092800	71.805	-1
523.989	794.058	4.12974	0.0546131	10092800	18.7844	-1
505.258	852.21	3.08872	0.0547319	5768191	262.725	-1
501.179	495.045	2.14417	0.0539978	12845567	170.927	-1
536.911	165.914	6.86675	0.0547891	13435648	270.288	-1
246.036	759.957	1.93397	0.0539923	5374463	300.782	-1
520.232	861.492	2.51281	0.0545691	7602943	85.6844	-1
336.964	701.974	2.01857	0.0555767	8454655	316.266	-1
520.824	841.508	2.31441	0.0547476	1639167	87.746	-1
552.642	885.866	2.09525	0.0552564	11141631	262.665	-1
336.964	701.974	2.01857	0.0555767	8454655	39.2154	-1
244.945	792.304	2.07943	0.0545631	10617343	75.1241	-1
409.091	743.507	5.6287	0.0556109	15794688	97.4931	-1
409.366	273.631	18.8743	0.0544568	3015170	131.955	-1
246.036	759.957	1.93397	0.0539923	5374463	88.9135	-1
410.923	606.484	2.23478	0.0545662	15794687	84.2922	-1
498.081	622.804	1.84534	0.0539052	1966591	213.407	-1
189.818	797.534	2.66481	0.0549438	11862783	152.336	-1
419.703	532.636	18.6457	0.0553214	2163202	280.577	-1
493.502	830.98	3.26244	0.0553357	9765887	277.257	-1
498.081	622.804	1.84534	0.0539052	1966591	19.9604	-1
410.923	606.484	2.23478	0.0545662	15794687	259.531	-1
556.371	692.045	1.81309	0.0534301	655871	267.288	-1
454.423	563.673	3.55327	0.0529612	15926271	176.648	-1
492.392	819.721	3.40695	0.053336	12911615	267.916	-1
556.671	830.84	2.93719	0.0526834	2163711	267.988	-1
580.421	749.657	2.30891	0.0528013	1442559	2.73361	-1
430.411	585.976	3.4223	0.0528209	13239295	190.139	-1
533.496	830.393	1.82539	0.053378	1180159	97.4547	-1
580.421	749.657	2.30891	0.0528013	1442559	236.991	-1
509.312	433.422	2.26177	0.0533581	16712191	100.038	-1
289.452	750.473	1.84095	0.0526626	1769983	146.836	-1
258.327	883.167	2.35444	0.0530439	2884351	270.117	-1
287.47	817.284	1.91029	0.052958	4456959	308.695	-1
287.47	817.284	1.91029	0.052958	4456959	121.562	-1
258.327	883.167	2.35444	0.0530439	2884351	65.2555	-1
454.423	563.673	3.55327	0.0529612	15926271	3.83453	-1
586.73	908.862	1.91993	0.0529392	4850175	334.915	-1
241.977	720.961	1.92901	0.0532713	5177855	281.412	-1
538.316	875.14	2.09034	0.0529784	11010559	88.4942	-1
450.406	583.217	2.13893	0.0527218	12648959	356.364	-1
297.825	756.897	1.81325	0.0528247	721407	260.658	-1
402.75	636.05	8.20116	0.0532519	9568513	253.28	-1
303.663	909.781	2.04541	0.0527214	9437695	166.962	-1
519.396	851.074	3.38105	0.0530768	12321791	317.854	-1
397.715	283.542	2.22739	0.052922	15598079	79.0186	-1
519.396	851.074	3.38105	0.0530768	12321791	99.7656	-1
450.406	583.217	2.13893	0.0527218	12648959	272.646	-1
184.051	791.689	1.94545	0.0534193	5767679	180.1	-1
540.427	714.474	2.13361	0.0526587	12452351	264.216	-1
600.855	871.269	2.0566	0.0534144	9830911	9.14139	-1
184.612	798.143	2.7629	0.0529264	14418687	180.061	-1
234.484	760.631	1.93043	0.0532393	5243391	306.576	-1
540.427	714.474	2.13361	0.0526587	12452351	211.857	-1
343.083	171.933	17.3274	0.0532599	13566210	273.368	-1
600.855	871.269	2.0566	0.0534144	9830911	135.557	-1
555.758	841.694	2.52024	0.0531606	7799551	89.7804	-1
540.427	714.474	2.13361	0.0526587	12452351	76.7113	-1
443.331	583.166	1.91319	0.0532568	4588031	267.363	-1
519.136	834.953	4.30945	0.0529589	13172992	259.038	-1
530.526	738.548	2.37904	0.0530579	3605247	243.163	-1
475.051	401.06	2.17739	0.052635	13959679	99.6594	-1
561.756	830.539	3.36766	0.0526089	12059647	270.479	-1
426.158	919.552	2.11197	0.0525383	11731455	69.1031	-1
245.119	795.183	2.06865	0.0525002	10224127	76.2613	-1
475.051	401.06	2.17739	0.052635	13959679	11.1753	-1
538.009	860.91	114.329	0.0524971	16319236	4.14264	-1
538.009	860.91	114.329	0.0524971	16319236	85.6068	-1
586.711	899.813	1.90701	0.0524831	4325887	24.5288	-1
221.728	838.171	1.85211	0.0524413	2228735	1.87689	-1
221.728	838.171	1.85211	0.0524413	2228735	236.994	-1
528.531	935.62	1.81246	0.0524356	655871	86.7072	-1
