613.297	183.368	1.85626	0.0437259	2359807	338.948	-1
613.297	183.368	1.85626	0.0437259	2359807	302.353	-1
169.794	284.014	2.04843	0.0466639	9503231	178.607	-1
171.464	518.058	4.9139	0.0571558	5964288	180.024	-1
172.005	653.486	7.4936	0.0417817	3080449	178.881	-1
609.949	182.566	2.10122	0.055881	11338239	300.612	-1
173.588	159.431	9.18021	0.0615353	1049089	185.594	-1
173.611	783.294	1.79682	0.0471486	66047	1.07599	-1
608.524	458.507	11.5628	0.0535962	983809	0.126526	-1
173.697	655.909	1.94849	0.0507906	5898751	0.849548	-1
173.761	815.791	1.99747	0.044923	7668223	1.05197	-1
173.897	500.676	9.56288	0.0488081	3998209	179.277	-1
600.587	463.959	4.46119	0.048629	15663360	203.179	-1
600.587	463.959	4.46119	0.048629	15663360	117.7	-1
173.928	680.291	2.39242	0.0490997	4063999	0.152161	-1
173.93	816.497	2.30033	0.0440991	1180415	1.47092	-1
174.107	727.379	2.47757	0.0452188	6554367	1.11313	-1
174.265	471.234	9.94511	0.0481487	6816257	179.589	-1
174.32	796.11	2.76628	0.0434443	14549759	0.988281	-1
174.418	849.729	10.2515	0.0582488	8978945	181.922	-1
600.045	821.446	26.649	0.0447256	11272962	359.725	-1
174.43	338.907	9.75179	0.0622241	5374465	184.836	-1
174.433	748.197	3.10759	0.0460314	6226943	357.127	-1
174.481	668.445	3.08315	0.0493795	5637119	357.871	-1
174.55	718.492	3.20392	0.0428644	8455167	1.33295	-1
174.598	741.498	3.26469	0.0481658	9831423	0.743744	-1
174.616	787.079	3.32965	0.0409352	11207679	0.810272	-1
174.705	704.542	3.19816	0.055079	8324095	358.958	-1
174.707	518.533	2.30087	0.0406272	1180415	335.83	-1
174.783	633.704	11.2294	0.0443898	15598081	177.688	-1
174.839	772.921	3.25743	0.0526451	9634815	358.637	-1
175.052	644.739	3.69941	0.0574198	2162944	125.296	-1
175.11	659.706	3.75642	0.0443997	3211520	2.51874	-1
175.172	482.007	2.70705	0.0419057	12976895	127.822	-1
175.284	852.118	11.8329	0.0570871	2687745	183.104	-1
599.638	927.01	25.3081	0.0712923	7537410	83.8443	-1
175.482	409.38	3.54457	0.0700212	15729663	165.136	-1
175.482	409.38	3.54457	0.0700212	15729663	352.265	-1
175.512	534.793	12.2674	0.0471219	5309185	181.856	-1
176.024	515.321	2.52682	0.0474836	7996159	334.855	-1
176.14	449.999	13.6095	0.0488087	12780289	180.905	-1
176.147	522.708	2.50748	0.0707544	7406335	32.6586	-1
176.147	522.708	2.50748	0.0707544	7406335	199.988	-1
176.147	522.708	2.50748	0.0707544	7406335	339.656	-1
176.382	310.778	7.65963	0.0516396	4653313	177.716	-1
176.54	279.307	13.4812	0.0469823	12124929	174.672	-1
176.727	800.592	5.03633	0.0504355	7733760	190.459	-1
176.982	764.556	4.98923	0.0496346	7078400	149.537	-1
177.104	695.854	5.33407	0.047903	11862528	127.694	-1
177.844	781.598	2.41305	0.0625013	4653823	177.946	-1
177.941	517.845	2.50724	0.0506859	7406335	153.784	-1
178.122	511.987	2.48539	0.0570649	6816511	125.763	-1
178.301	432.323	3.17683	0.0541304	7799807	350.082	-1
599.638	927.01	25.3081	0.0712923	7537410	5.22995	-1
178.754	813.436	2.7352	0.0450506	13697791	178.001	-1
179.063	671.85	2.29787	0.0670845	1114879	134.29	-1
596.316	794.841	2.07895	0.0579356	10617343	177.818	-1
590.673	467.715	13.4255	0.0620163	11797249	205.898	-1
179.418	838.899	6.75904	0.0414022	12321536	310.238	-1
179.484	521.514	1.95244	0.0529404	6029823	192.134	-1
179.582	648.023	3.20003	0.0476723	8389631	129.527	-1
590.673	467.715	13.4255	0.0620163	11797249	38.7131	-1
179.934	547.858	20.1068	0.0438919	7602690	181.601	-1
586.927	457.509	2.72213	0.0483455	13370111	105.686	-1
586.927	457.509	2.72213	0.0483455	13370111	33.8051	-1
180.377	802.484	1.92816	0.0432737	5112319	156.038	-1
180.782	436.112	2.39546	0.056074	4129535	348.2	-1
181.072	374.065	2.40734	0.0713362	4457215	25.6507	-1
181.072	374.065	2.40734	0.0713362	4457215	138.48	-1
584.812	906.536	2.92586	0.0540276	1901567	175.556	-1
581.54	797.342	1.94088	0.0491561	5636607	167.842	-1
181.277	734.616	1.98657	0.0563718	7275007	130.522	-1
181.725	785.976	1.94089	0.0713746	5636607	127.075	-1
181.823	772.047	1.87834	0.0735297	3277311	129.361	-1
181.84	727.935	1.97328	0.0706602	6816255	128.94	-1
181.899	705.074	1.84482	0.0661529	1966591	128.418	-1
181.911	756.431	1.86388	0.0707211	2687487	133.118	-1
181.911	756.431	1.86388	0.0707211	2687487	304.409	-1
181.956	812.515	1.91224	0.0870447	4522495	305.042	-1
181.983	800.305	2.00031	0.0884564	7799295	150.199	-1
181.983	800.305	2.00031	0.0884564	7799295	303.712	-1
181.993	775.648	1.93073	0.0897893	5243391	305.327	-1
182.051	731.729	2.02638	0.0940741	8716799	307.061	-1
581.54	797.342	1.94088	0.0491561	5636607	50.1357	-1
182.128	768.698	1.98869	0.0861285	7406079	303.204	-1
182.132	796.891	2.04352	0.0673637	9372159	128.708	-1
182.163	693.02	1.84307	0.0740982	1901055	127.299	-1
182.383	820.947	2.45754	0.0598339	5964543	127.56	-1
182.466	782.523	2.73983	0.0637532	13828863	129.02	-1
182.474	387.596	2.49813	0.059982	7144191	321.861	-1
581.414	910.02	3.15369	0.0653175	7275519	340.786	-1
581.414	910.02	3.15369	0.0653175	7275519	179.1	-1
182.595	682.196	2.52836	0.0710193	8061695	148.937	-1
182.612	762.467	1.99659	0.071456	7668223	131.32	-1
581.414	910.02	3.15369	0.0653175	7275519	26.9052	-1
182.897	719.233	2.82338	0.0809741	15991551	306.717	-1
183.046	528.73	1.82887	0.0518243	1311231	308.173	-1
579.853	905.592	2.29118	0.0523252	918271	87.0176	-1
183.485	396.997	1.96105	0.0650052	6357503	190.793	-1
183.485	396.997	1.96105	0.0650052	6357503	345.728	-1
183.696	392.969	2.72829	0.0496544	13501183	5.58957	-1
183.856	416.693	2.92363	0.0640566	1836031	155.71	-1
578.943	799.144	1.93761	0.0508722	5505535	300.003	-1
578.529	794.542	1.83806	0.0615955	1704447	33.8218	-1
578.356	917.988	1.93487	0.0562412	5374463	294.733	-1
576.77	903.012	64.929	0.0661597	8847620	5.14484	-1
184.958	360.951	27.4491	0.0571464	13370114	181.534	-1
575.334	404.988	66.0253	0.0607936	10027268	1.63708	-1
573.008	902.801	3.0668	0.0556234	5309439	212.682	-1
573.008	902.801	3.0668	0.0556234	5309439	93.6712	-1
185.765	162.372	2.25839	0.0405218	16581119	270.487	-1
185.765	162.372	2.25839	0.0405218	16581119	303.855	-1
571.64	794.784	1.92344	0.0638371	4981247	176.401	-1
185.983	444.388	2.69244	0.0617004	12583679	335.15	-1
569.316	160.147	5.49342	0.0435991	14025216	268.312	-1
568.203	914.323	2.47688	0.0628908	6554367	200.878	-1
186.307	517.515	1.90297	0.0648017	4194815	126.388	-1
186.528	394.636	2.20172	0.0538234	14746111	190.426	-1
186.528	394.636	2.20172	0.0538234	14746111	247.081	-1
186.528	394.636	2.20172	0.0538234	14746111	304.275	-1
568.203	914.323	2.47688	0.0628908	6554367	9.38663	-1
186.841	391.513	1.99736	0.0419637	7668223	255.783	-1
186.867	685.184	15.395	0.0506192	4980994	178.332	-1
186.973	523.167	3.21474	0.043738	8717311	355.56	-1
187.024	317.224	2.04599	0.0843361	9437695	12.8047	-1
187.127	527.451	3.11764	0.0477024	6489087	2.91989	-1
568.073	451.116	3.40195	0.0482849	12780543	186.303	-1
568.073	451.116	3.40195	0.0482849	12780543	115.043	-1
188.162	378.958	1.98426	0.0682119	7209471	13.6463	-1
188.162	378.958	1.98426	0.0682119	7209471	164.347	-1
188.275	387.657	1.84941	0.0531385	2097663	2.94724	-1
188.275	387.657	1.84941	0.0531385	2097663	185.14	-1
567.063	861.055	2.58089	0.0430248	9503487	258.697	-1
567.063	861.055	2.58089	0.0430248	9503487	174.735	-1
567.063	861.055	2.58089	0.0430248	9503487	98.2935	-1
566.675	451.928	5.37888	0.0466416	12517888	186.01	-1
566.675	451.928	5.37888	0.0466416	12517888	118.541	-1
565.878	902.219	2.19747	0.0637388	14615039	273.022	-1
565.878	902.219	2.19747	0.0637388	14615039	86.4603	-1
189.299	533.252	2.19151	0.0468768	14418431	308.24	-1
189.351	323.586	2.86159	0.0779354	263167	350.146	-1
189.964	393.483	2.00427	0.0528144	7930367	306.099	-1
564.969	907.419	4.62307	0.0426266	1573376	175.137	-1
564.744	149.92	4.40622	0.074036	14811392	298.682	-1
564.744	149.92	4.40622	0.074036	14811392	119.119	-1
563.98	876.016	1.88942	0.0475564	3670527	162.725	-1
562.399	874.075	4.06386	0.0455612	8913152	262.484	-1
562.133	871.568	1.99063	0.0639111	7471615	29.9394	-1
559.899	912.253	3.75197	0.0528805	3145984	297.508	-1
191.716	524.095	3.98957	0.0436609	7602432	170.787	-1
191.74	421.168	2.90451	0.0660393	1377279	151.312	-1
559.899	912.253	3.75197	0.0528805	3145984	171.397	-1
192.414	448	2.68135	0.0559125	12255999	331.271	-1
192.796	395.954	1.88511	0.0557735	3473919	312.982	-1
559.094	902.918	3.20702	0.0588647	8520703	177.694	-1
559.094	902.918	3.20702	0.0588647	8520703	37.149	-1
556.839	908.894	1.96707	0.0700054	6554111	9.57733	-1
556.375	860.834	2.082	0.064738	10682879	338.619	-1
555.696	832.961	1.91441	0.061616	4653567	155.578	-1
555.696	832.961	1.91441	0.061616	4653567	26.9304	-1
194.783	392.431	1.8091	0.0651778	524799	150.157	-1
555.372	303.549	9.8275	0.0420368	5964289	189.45	-1
195.565	537.562	2.73607	0.060701	13763327	305.125	-1
195.601	533.993	1.99251	0.0611733	7537151	170.145	-1
555.372	303.549	9.8275	0.0420368	5964289	24.0213	-1
196.726	323.562	2.79957	0.0852241	15401727	184.219	-1
196.726	323.562	2.79957	0.0852241	15401727	302.119	-1
553.67	911.091	2.53813	0.0585275	8323839	278.27	-1
553.67	911.091	2.53813	0.0585275	8323839	21.3365	-1
196.899	323.85	2.99501	0.0848963	3539967	296.461	-1
552.859	854.863	3.91558	0.0433961	6226176	90.0207	-1
552.785	861.085	2.70574	0.04611	12911359	176.81	-1
552.785	861.085	2.70574	0.04611	12911359	95.577	-1
197.621	193.567	51.229	0.0703936	8389379	184.643	-1
197.621	193.567	51.229	0.0703936	8389379	267.842	-1
551.601	849.431	2.11712	0.0611215	11928063	349.553	-1
551.601	849.431	2.11712	0.0611215	11928063	212.795	-1
550.851	822.451	1.87802	0.0481566	3211775	359.72	-1
198.364	314.755	10.0041	0.051797	7275009	130.44	-1
550.063	832.999	1.88462	0.0648176	3473919	171.087	-1
550.063	832.999	1.88462	0.0648176	3473919	35.9479	-1
549.344	172.946	2.00473	0.0681274	7930367	98.865	-1
198.793	395.354	2.02055	0.058306	8520191	159.497	-1
198.874	419.662	1.83233	0.0661242	1442303	7.89258	-1
198.874	419.662	1.83233	0.0661242	1442303	169.541	-1
548.633	233.826	109.453	0.0612265	13173508	356.089	-1
548.633	233.826	109.453	0.0612265	13173508	274.702	-1
548.319	338.05	14.5954	0.0416101	1114370	195.614	-1
546.99	887.159	4.20425	0.0439885	11403520	265.769	-1
201.263	329.744	7.85946	0.105759	6488321	141.503	-1
201.565	338.151	2.54542	0.0610302	8520447	138.024	-1
201.749	673.157	12.5727	0.0551165	7078657	297.54	-1
202.257	395.225	53.6722	0.0532677	11797251	180.982	-1
546.99	887.159	4.20425	0.0439885	11403520	162.566	-1
545.787	842.263	3.45854	0.0534494	13960191	275.133	-1
545.506	911.907	2.07025	0.0497745	10289663	179.96	-1
203.293	464.38	3.15398	0.0678967	7341055	197.232	-1
203.577	895.449	51.9208	0.0656152	9372419	133.194	-1
203.577	895.449	51.9208	0.0656152	9372419	174.819	-1
203.597	403.059	1.95607	0.0690683	6160895	129.917	-1
203.597	403.059	1.95607	0.0690683	6160895	294.172	-1
545.155	832.976	1.86926	0.0690943	2884095	8.18378	-1
544.255	612.991	2.93918	0.0715508	2229247	180.419	-1
542.798	607.184	3.66817	0.0484378	1507584	180.288	-1
542.598	833.638	1.82793	0.0597883	1245695	153.535	-1
542.598	833.638	1.82793	0.0597883	1245695	8.10333	-1
204.448	326.905	2.63683	0.0554551	11076351	337.469	-1
204.682	340.995	2.51607	0.0831861	7668479	53.3505	-1
204.682	340.995	2.51607	0.0831861	7668479	169.847	-1
541.577	851.28	1.86631	0.0592085	2753023	270.065	-1
540.614	823.116	2.70216	0.0432046	12845823	167.792	-1
540.614	823.116	2.70216	0.0432046	12845823	3.255	-1
205.395	859.535	7.61329	0.0470322	4194561	300.263	-1
539.615	832.801	1.9428	0.0773862	5702143	152.98	-1
539.615	832.801	1.9428	0.0773862	5702143	27.9788	-1
205.954	337.193	5.03664	0.09161	7733760	137.606	-1
206.01	437.832	1.82911	0.0638246	1311231	4.87604	-1
206.01	437.832	1.82911	0.0638246	1311231	170.795	-1
206.504	540.545	3.13287	0.0507691	6816767	150.818	-1
206.945	801.869	2.70183	0.074309	12845823	125.567	-1
206.979	708.661	2.7105	0.0813392	13042431	127.563	-1
207.051	738.174	2.57855	0.0734182	9437951	312.753	-1
207.181	701.455	2.44272	0.071018	5505791	325.176	-1
207.413	788.883	2.09604	0.0827487	11207167	126.516	-1
207.413	788.883	2.09604	0.0827487	11207167	313.317	-1
207.484	751.901	2.08156	0.0879353	10682879	126.715	-1
207.538	825.987	1.98396	0.0795664	7209471	126.808	-1
207.563	782.06	1.97754	0.0823454	6947327	126.604	-1
207.58	744.996	1.92908	0.0876381	5177855	126.709	-1
207.584	795.859	1.87538	0.0759778	3146239	314.197	-1
207.599	820.493	1.85668	0.0776619	2425343	313.506	-1
207.611	813.738	1.90257	0.0833907	4194815	126.674	-1
207.639	832.824	1.80615	0.0760401	393727	314.561	-1
207.65	722.311	1.86927	0.0891418	2884095	125.433	-1
207.65	722.311	1.86927	0.0891418	2884095	312.503	-1
207.841	863.742	4.50841	0.0430972	16449792	182.602	-1
207.841	863.742	4.50841	0.0430972	16449792	303.727	-1
539.507	841.839	3.93953	0.0417154	6684928	269.462	-1
539.211	829.209	2.61004	0.0481954	10355455	274.81	-1
207.91	682.907	4.26914	0.0437572	12517632	183.257	-1
539.141	610.884	3.66142	0.0575031	1376512	329.507	-1
539.141	610.884	3.66142	0.0575031	1376512	211.849	-1
208.322	756.326	3.33788	0.0535892	11404287	179.525	-1
208.322	756.326	3.33788	0.0535892	11404287	310.062	-1
208.636	865.299	3.34265	0.0435566	11535359	184.025	-1
208.636	865.299	3.34265	0.0435566	11535359	304.188	-1
208.637	841.157	2.91577	0.04777	1639423	179.224	-1
539.014	606.678	2.21637	0.050278	15204863	89.7936	-1
538.778	604.96	12.26	0.0407918	5243649	256.597	-1
208.782	829.879	2.52793	0.0603964	7996159	311.149	-1
208.791	735.049	2.58274	0.0643377	9569023	311.35	-1
208.803	817.663	2.51202	0.0621253	7537407	311.613	-1
208.815	748.96	2.49321	0.0651143	7013119	310.938	-1
208.821	785.966	2.50252	0.0628697	7275263	311.511	-1
538.778	604.96	12.26	0.0407918	5243649	84.6439	-1
537.595	178.419	1.83592	0.0634174	1573375	281.85	-1
208.854	719.38	2.46785	0.0622301	6292223	310.766	-1
208.859	793.052	2.48566	0.0631387	6816511	311.777	-1
208.876	713.738	2.43292	0.0531524	5243647	178.859	-1
208.878	806.902	2.43528	0.0535619	5309183	179.563	-1
208.878	806.902	2.43528	0.0535619	5309183	312.37	-1
208.917	685.087	2.61619	0.0468697	10486527	181.615	-1
208.959	725.968	2.27809	0.0573274	459519	179.409	-1
208.969	847.579	2.30293	0.0498448	1245951	179.677	-1
537.286	846.343	1.84076	0.0630202	1769983	336.851	-1
209.112	572.252	74.0516	0.0529996	1638916	181.624	-1
209.206	685.87	2.07742	0.0472542	10551807	181.567	-1
209.206	685.87	2.07742	0.0472542	10551807	310.24	-1
209.363	866.779	2.18408	0.0433973	14156287	182.945	-1
209.363	866.779	2.18408	0.0433973	14156287	305.036	-1
209.382	693.799	1.88672	0.0630015	3539455	180.444	-1
209.382	693.799	1.88672	0.0630015	3539455	328.21	-1
209.388	706.013	2.04906	0.0631988	9568767	179.603	-1
209.388	706.013	2.04906	0.0631988	9568767	327.258	-1
209.395	742.996	2.01989	0.061968	8520191	179.886	-1
209.395	742.996	2.01989	0.061968	8520191	323.704	-1
209.399	824.036	1.89256	0.0575558	3801599	180.29	-1
209.399	824.036	1.89256	0.0575558	3801599	324.365	-1
209.411	698.955	2.07537	0.0621794	10486271	180.155	-1
209.411	698.955	2.07537	0.0621794	10486271	328.698	-1
209.418	762.398	1.91306	0.0576206	4588031	180.929	-1
209.418	762.398	1.91306	0.0576206	4588031	325.156	-1
209.421	780.004	1.9401	0.0580658	5571071	179.785	-1
209.421	780.004	1.9401	0.0580658	5571071	326.151	-1
209.436	811.885	1.92282	0.0561052	4915711	180.829	-1
209.436	811.885	1.92282	0.0561052	4915711	328.221	-1
209.455	799.403	2.11112	0.0578721	11665919	180.101	-1
209.455	799.403	2.11112	0.0578721	11665919	328.462	-1
209.482	767.597	1.79911	0.0502505	131583	178.886	-1
209.501	775.029	1.89964	0.0555875	4063743	180.755	-1
209.501	775.029	1.89964	0.0555875	4063743	329.211	-1
537.286	846.343	1.84076	0.0630202	1769983	183.61	-1
537.286	846.343	1.84076	0.0630202	1769983	102.302	-1
210.329	341.504	4.04338	0.0496748	8585472	50.1065	-1
537.286	846.343	1.84076	0.0630202	1769983	64.47	-1
536.807	829.713	4.06592	0.0479209	8978688	270.64	-1
536.807	829.713	4.06592	0.0479209	8978688	82.7546	-1
535.897	874.577	1.84081	0.0493273	1769983	45.9008	-1
212.015	359.189	1.94926	0.0515195	5898751	305.829	-1
534.944	606.792	3.56691	0.0499311	16188415	359.479	-1
534.687	599.86	3.17177	0.0609565	7734271	85.8318	-1
534.687	599.86	3.17177	0.0609565	7734271	4.22009	-1
534.312	613.119	2.76181	0.0705913	14418687	355.23	-1
222.294	327.304	5.6423	0.0490801	15925760	86.061	-1
534.312	613.119	2.76181	0.0705913	14418687	186.748	-1
532.595	630.356	1.83987	0.0494664	1769983	184.75	-1
531.747	822.898	2.33317	0.0786331	2228991	0.364105	-1
530.048	628.562	3.42373	0.0577145	13239295	89.8925	-1
226.577	173.111	2.83238	0.0673539	16253695	72.8636	-1
226.577	173.111	2.83238	0.0673539	16253695	301.175	-1
530.005	637.404	2.01351	0.0701819	8258047	356.009	-1
530.005	637.404	2.01351	0.0701819	8258047	184.028	-1
529.532	175.749	2.12899	0.0417086	12321279	262.729	-1
529.532	175.749	2.12899	0.0417086	12321279	102.317	-1
528.969	861.739	4.83187	0.0421883	4719104	265.255	-1
528.969	861.739	4.83187	0.0421883	4719104	101.665	-1
528.107	797.48	5.00538	0.0528406	7275008	347.318	-1
527.633	834.638	1.88827	0.0546713	3604991	355.817	-1
527.425	630.35	1.91855	0.0475283	4784639	353.184	-1
527.329	282.184	9.48531	0.0426355	3408385	184.954	-1
526.902	178.182	1.97727	0.0680244	6947327	268.283	-1
239.448	174.643	1.88989	0.0409613	3670527	41.0118	-1
240.593	344.18	4.83132	0.0408478	4719104	159.704	-1
240.593	344.18	4.83132	0.0408478	4719104	197.648	-1
241.042	443.192	21.3633	0.0596507	11993602	341.603	-1
526.902	178.182	1.97727	0.0680244	6947327	108.75	-1
526.774	571.067	17.0159	0.0648806	12255490	222.217	-1
526.652	848.614	4.04266	0.0474148	8519936	260.367	-1
526.626	435.035	1.96192	0.0656982	6423039	106.405	-1
243.068	175.188	2.59089	0.0548223	9765631	116.429	-1
526.545	845.874	1.83761	0.0663931	1638911	157.45	-1
245.562	226.698	9.67845	0.0549453	4850177	53.9901	-1
526.17	631.838	3.32977	0.0558515	11207679	161.546	-1
246.037	354.379	9.60602	0.043496	4325889	209.674	-1
248.607	175.329	2.43428	0.0588393	5309183	118.269	-1
525.836	557.543	5.13122	0.050274	9110016	94.5212	-1
249.653	172.095	2.39614	0.0658335	4129535	96.0964	-1
249.653	172.095	2.39614	0.0658335	4129535	311.367	-1
251.671	240.963	1.83861	0.0650031	1704447	45.7575	-1
251.671	240.963	1.83861	0.0650031	1704447	253.048	-1
525.836	557.543	5.13122	0.050274	9110016	21.4534	-1
525.385	435.574	3.33021	0.0625138	11273215	104.782	-1
525.241	832.844	2.12857	0.0538789	12321279	93.837	-1
252.761	251.124	8.30311	0.0635592	10486017	212.372	-1
252.761	251.124	8.30311	0.0635592	10486017	348.555	-1
253.583	216.003	4.68723	0.0692139	2556416	126.404	-1
253.583	216.003	4.68723	0.0692139	2556416	286.865	-1
254.489	176.266	2.15157	0.0420827	13042175	260.648	-1
524.648	435.992	4.07104	0.0617352	9044224	202.961	-1
524.648	435.992	4.07104	0.0617352	9044224	106.534	-1
256.428	248.168	152.776	0.0527194	3867141	183.863	-1
256.428	248.168	152.776	0.0527194	3867141	262.633	-1
256.792	174.858	3.36406	0.0558478	11994111	259.797	-1
524.232	637.65	1.88788	0.0649382	3604991	310.721	-1
524.232	637.65	1.88788	0.0649382	3604991	164.937	-1
257.97	226.992	4.42209	0.0669961	15008000	31.559	-1
257.97	226.992	4.42209	0.0669961	15008000	186.022	-1
259.784	453.942	9.64481	0.0693805	4588033	163.273	-1
259.784	453.942	9.64481	0.0693805	4588033	322.556	-1
260.572	246.302	2.11102	0.0455654	11665919	184.525	-1
260.917	236.751	3.27509	0.0572448	10028031	72.2976	-1
260.917	236.751	3.27509	0.0572448	10028031	185.407	-1
261.204	174.636	1.87802	0.0605699	3211775	160.224	-1
522.911	834.9	1.86638	0.0577851	2753023	353.066	-1
522.911	834.9	1.86638	0.0577851	2753023	185.118	-1
522.789	847.742	1.81971	0.0676913	983551	17.8919	-1
522.251	871.593	1.97886	0.0598986	7012863	156.465	-1
522.237	608.812	3.99758	0.0612506	7733504	175.468	-1
264.138	249.673	6.84443	0.0441547	13239040	204.912	-1
264.589	232.273	6.40011	0.0623637	8389376	2.80734	-1
265.078	175.728	2.41092	0.0624205	4588287	122.349	-1
265.078	175.728	2.41092	0.0624205	4588287	263.943	-1
522.237	608.812	3.99758	0.0612506	7733504	6.5921	-1
521.822	543.025	16.7698	0.0540532	11206914	14.0381	-1
520.696	430.221	4.3385	0.0509787	13631744	105.89	-1
520.679	845.672	2.21997	0.059161	15335935	91.8247	-1
520.044	637.946	2.47444	0.0447872	6488831	298.534	-1
520.044	637.946	2.47444	0.0447872	6488831	239.096	-1
519.888	632.895	6.44632	0.0472013	8848128	265.747	-1
273.49	240.421	2.26321	0.0409112	767	248.17	-1
273.49	240.421	2.26321	0.0409112	767	284.899	-1
273.831	175.658	2.57876	0.0645532	9437951	80.3071	-1
273.831	175.658	2.57876	0.0645532	9437951	267.306	-1
274.1	234.382	7.86432	0.0465879	6553857	268.036	-1
274.341	521.864	26.1594	0.0512778	9896706	337.712	-1
518.769	822.06	5.49995	0.0458446	14090752	117.278	-1
276.234	218.779	3.13818	0.0680974	6947839	1.06384	-1
276.234	218.779	3.13818	0.0680974	6947839	189.573	-1
277.529	498.38	9.15756	0.06815	852481	153.492	-1
277.529	498.38	9.15756	0.06815	852481	352.006	-1
277.758	499.018	8.87432	0.0689301	15270145	153.742	-1
277.758	499.018	8.87432	0.0689301	15270145	353.694	-1
518.712	561.988	4.78502	0.0495936	4063744	95.5761	-1
518.712	561.988	4.78502	0.0495936	4063744	27.2037	-1
518.645	873.412	1.90939	0.0677379	4456959	17.0102	-1
518.114	847.813	2.04891	0.052882	9503231	187.233	-1
280.89	238.617	4.07306	0.0498127	9109760	266.377	-1
281.227	573.926	2.39622	0.0502184	4129535	254.762	-1
281.227	573.926	2.39622	0.0502184	4129535	331.364	-1
281.643	232.746	3.8572	0.0674995	5177600	39.6038	-1
281.643	232.746	3.8572	0.0674995	5177600	204.345	-1
282.196	571.521	5.41611	0.0486732	12976640	254.218	-1
282.196	571.521	5.41611	0.0486732	12976640	331.765	-1
518.003	867.8	2.68341	0.0462474	12321535	270.956	-1
518.003	867.8	2.68341	0.0462474	12321535	96.8708	-1
517.372	635.389	2.75735	0.0539923	14287615	21.1341	-1
517.154	599.876	2.91183	0.0729716	1508351	174.318	-1
284.571	609.893	3.44998	0.0435902	13829119	60.9915	-1
284.571	609.893	3.44998	0.0435902	13829119	140.052	-1
284.836	602.682	3.19013	0.0442344	8127487	297.398	-1
285.203	175.627	2.39626	0.0604843	4129535	72.0781	-1
285.203	175.627	2.39626	0.0604843	4129535	271.623	-1
285.362	560.431	17.0243	0.0690997	12255490	331.405	-1
517.154	599.876	2.91183	0.0729716	1508351	10.8222	-1
285.451	528.817	2.36527	0.0511199	3212031	164.048	-1
285.451	528.817	2.36527	0.0511199	3212031	243.368	-1
516.476	871.363	2.23743	0.0607547	15925759	92.0272	-1
515.846	835.495	2.38818	0.0603791	3932927	279.115	-1
515.846	835.495	2.38818	0.0603791	3932927	82.1154	-1
288.485	234.989	6.17674	0.0505006	5767936	270.816	-1
514.835	886.982	2.37366	0.0636864	3474175	359.994	-1
289.901	228.638	3.87486	0.0637286	5505280	170.775	-1
290.063	611.107	2.68641	0.0667866	12387071	52.6223	-1
290.126	601.712	2.63985	0.0687377	11141887	306.756	-1
514.835	886.982	2.37366	0.0636864	3474175	181.103	-1
290.91	218.087	4.33464	0.0823536	13566208	151.032	-1
290.91	218.087	4.33464	0.0823536	13566208	181.596	-1
291.6	531.799	9.95299	0.0467077	6881793	165.486	-1
291.6	531.799	9.95299	0.0467077	6881793	227.742	-1
293.056	175.98	2.57463	0.0574603	9372415	104.519	-1
293.056	175.98	2.57463	0.0574603	9372415	263.307	-1
293.888	238.794	4.18475	0.050134	11075840	272.182	-1
294.138	637.352	2.28525	0.0597034	721663	275.699	-1
294.138	637.352	2.28525	0.0597034	721663	353.039	-1
294.39	507.14	15.3077	0.0481499	4587778	215.407	-1
514.422	574.789	5.69323	0.0507968	16581120	294.315	-1
514.422	574.789	5.69323	0.0507968	16581120	16.0893	-1
294.971	232.704	4.12524	0.0643703	10027264	39.2982	-1
294.971	232.704	4.12524	0.0643703	10027264	170.864	-1
295.649	322.327	10.6811	0.0458226	11993601	157.158	-1
295.649	322.327	10.6811	0.0458226	11993601	344.607	-1
512	637.785	1.82416	0.0632556	1114623	266.479	-1
296.531	599.748	2.72842	0.0680685	13566719	6.59421	-1
296.531	599.748	2.72842	0.0680685	13566719	170.154	-1
296.565	613.008	2.76928	0.0688012	14615295	185.536	-1
296.565	613.008	2.76928	0.0688012	14615295	354.281	-1
296.831	566.931	3.46365	0.0498391	14091263	163.473	-1
296.831	566.931	3.46365	0.0498391	14091263	243.729	-1
297.106	630.218	2.03047	0.0707776	8847871	89.5175	-1
297.106	630.218	2.03047	0.0707776	8847871	270.225	-1
297.304	605.613	3.81564	0.0518288	4391168	358.801	-1
297.39	635.194	2.30036	0.0735408	1180415	226.69	-1
297.39	635.194	2.30036	0.0735408	1180415	268.936	-1
297.39	635.194	2.30036	0.0735408	1180415	299.441	-1
297.786	632.841	9.42506	0.0407399	2949633	88.0352	-1
297.786	632.841	9.42506	0.0407399	2949633	271.724	-1
299.832	240.943	1.86062	0.0433416	2556415	292.672	-1
299.839	632.569	2.17866	0.0441566	13959679	170.585	-1
300.523	628.626	1.9951	0.0560928	7602687	124.398	-1
300.592	236.627	5.98798	0.0501577	3539712	273.687	-1
300.755	636.822	2.06496	0.0530946	10093055	232.715	-1
301.699	610.123	3.98193	0.0554671	7471360	204.175	-1
301.699	610.123	3.98193	0.0554671	7471360	338.836	-1
301.715	601.54	3.7374	0.0536405	2883840	33.949	-1
301.715	601.54	3.7374	0.0536405	2883840	141.821	-1
301.727	605.712	2.27891	0.0536615	525055	90.8008	-1
301.727	605.712	2.27891	0.0536615	525055	269.167	-1
511.539	822.906	2.36067	0.0762923	3080959	348.65	-1
511.539	822.906	2.36067	0.0762923	3080959	191.997	-1
510.739	797.332	6.71952	0.0632249	11862784	96.4025	-1
303.458	602.559	2.42703	0.0488086	5047039	9.91681	-1
509.695	841.165	4.95566	0.0423557	6554112	341.007	-1
509.695	841.165	4.95566	0.0423557	6554112	86.3223	-1
305.677	637.517	1.89208	0.0645373	3801599	190.646	-1
305.677	637.517	1.89208	0.0645373	3801599	345.735	-1
305.696	628.23	1.94615	0.0653639	5833215	13.8962	-1
305.862	605.578	3.70226	0.0469223	2162944	40.137	-1
305.862	605.578	3.70226	0.0469223	2162944	178.053	-1
305.862	605.578	3.70226	0.0469223	2162944	321.383	-1
509.073	635.253	2.00622	0.0473102	7995903	174.616	-1
509.073	635.253	2.00622	0.0473102	7995903	96.1094	-1
306.882	612.991	2.79208	0.0697424	15205119	184.653	-1
306.882	612.991	2.79208	0.0697424	15205119	354.698	-1
306.89	599.716	2.72896	0.0707314	13566719	10.7115	-1
306.89	599.716	2.72896	0.0707314	13566719	172.914	-1
307.328	233.929	4.04496	0.0748697	8585472	256.622	-1
307.385	532.855	23.8359	0.0534248	3212034	206.354	-1
307.385	532.855	23.8359	0.0534248	3212034	321.092	-1
509.027	552.887	2.73974	0.0554012	13828863	275.745	-1
308.521	633.475	2.10661	0.0573794	11534847	180.08	-1
509.027	552.887	2.73974	0.0554012	13828863	180.42	-1
309.633	228.313	4.03402	0.0674821	8388864	106.2	-1
508.859	836.001	3.46783	0.0416586	14156799	349.636	-1
313.389	630.004	1.9899	0.0744013	7406079	108.721	-1
313.766	635.615	2.12836	0.0708683	12255743	287.964	-1
508.859	836.001	3.46783	0.0416586	14156799	165.045	-1
506.854	794.744	1.96295	0.0722634	6423039	127.373	-1
316.636	628.876	1.8738	0.0681707	3080703	131.477	-1
316.636	628.876	1.8738	0.0681707	3080703	301.893	-1
316.865	634.105	1.97467	0.0531764	6881791	133.575	-1
317.107	180.354	42.5669	0.0417901	11731459	270.769	-1
506.854	794.744	1.96295	0.0722634	6423039	112.796	-1
318.514	427.544	10.1049	0.0513871	7995905	51.5975	-1
506.854	794.744	1.96295	0.0722634	6423039	4.50739	-1
506.782	637.352	2.29538	0.0591893	1049343	274.694	-1
506.42	628.211	1.97723	0.0704503	6947327	173.489	-1
320.364	301.661	11.1787	0.0523013	15270401	159.535	-1
320.364	301.661	11.1787	0.0523013	15270401	353.786	-1
320.5	452.652	16.2257	0.0477501	8782082	350.552	-1
506.246	845.805	2.00391	0.0708152	7930367	25.6403	-1
321.534	628.201	1.87007	0.0672482	2949631	11.2363	-1
321.534	628.201	1.87007	0.0672482	2949631	156.842	-1
321.607	637.498	1.84767	0.0657973	2032127	196.804	-1
506.018	825.813	2.72672	0.0476065	13501183	320.225	-1
323.877	612.313	2.95482	0.058202	2622463	225.368	-1
323.982	430.16	2.77238	0.0437583	14680831	53.3403	-1
326.115	233.395	12.0572	0.0703649	4064001	263.7	-1
506.018	825.813	2.72672	0.0476065	13501183	233.167	-1
505.772	828.268	4.70129	0.0432741	2753024	246.352	-1
505.45	838.032	1.93048	0.0632015	5243391	163.956	-1
505.03	260.479	12.6732	0.0413923	7668481	181.593	-1
327.889	628.069	2.00024	0.0667406	7799295	219.024	-1
328.134	637.151	2.33749	0.0665063	2360063	146.08	-1
328.134	637.151	2.33749	0.0665063	2360063	314.325	-1
328.724	609.777	1.99761	0.0549222	7668223	200.34	-1
328.724	609.777	1.99761	0.0549222	7668223	339.377	-1
505.03	260.479	12.6732	0.0413923	7668481	18.2858	-1
503.669	835.667	4.1352	0.0560476	10158336	160.451	-1
330.077	227.886	4.10687	0.0430628	9699584	136.411	-1
330.318	634.739	2.60789	0.0470339	10289919	358.553	-1
503.419	630.443	2.34907	0.0477901	2687743	0.265228	-1
503.363	832.967	1.95843	0.071797	6291967	156.556	-1
333.073	458.676	2.60443	0.0482518	10158847	184.697	-1
333.59	628.329	2.12772	0.0686145	12255743	2.0126	-1
333.59	628.329	2.12772	0.0686145	12255743	176.904	-1
503.303	634.935	2.44143	0.0493013	5505791	0.603516	-1
502.636	797.691	3.30984	0.040649	10814463	351.298	-1
502.636	797.691	3.30984	0.040649	10814463	186.635	-1
336.234	231.379	2.58803	0.0474707	9700095	156.234	-1
502.37	408.423	7.6175	0.0618269	4260097	190.733	-1
501.871	871.516	1.85567	0.0638201	2359807	156.118	-1
501.871	871.516	1.85567	0.0638201	2359807	24.701	-1
336.903	609.854	3.45201	0.0467552	13829119	60.2256	-1
336.903	609.854	3.45201	0.0467552	13829119	148.987	-1
337.184	634.812	2.63372	0.0632863	11010815	6.41116	-1
337.184	634.812	2.63372	0.0632863	11010815	172.608	-1
338.715	462.09	12.5853	0.0754689	7144193	178.314	-1
338.715	462.09	12.5853	0.0754689	7144193	338.871	-1
501.853	848.312	2.58055	0.0411653	9503487	25.9715	-1
501.821	637.762	1.80139	0.0667382	197119	262.383	-1
501.514	863.006	2.14542	0.0489825	12845567	179.406	-1
500.974	632.531	1.8757	0.0680948	3146239	264.519	-1
500.974	632.531	1.8757	0.0680948	3146239	95.8888	-1
499.431	541.986	15.1529	0.0764374	3866882	330.921	-1
499.431	541.986	15.1529	0.0764374	3866882	177.606	-1
342.553	427.05	2.12541	0.0444356	12190207	102.342	-1
342.623	611.006	2.60684	0.071549	10224383	51.4102	-1
342.623	611.006	2.60684	0.071549	10224383	215.784	-1
343.347	425.714	4.50682	0.0473606	16384256	104.33	-1
344.276	606.35	3.31681	0.0444349	10945535	0.389282	-1
498.546	909.572	2.24814	0.055309	16253439	89.2307	-1
498.123	635.11	2.01267	0.0708372	8258047	263.648	-1
498.123	635.11	2.01267	0.0708372	8258047	96.1645	-1
497.586	874.004	2.46871	0.0559587	6292223	20.8254	-1
345.32	628.236	1.83062	0.0621154	1376767	4.65173	-1
345.32	628.236	1.83062	0.0621154	1376767	96.5225	-1
345.32	628.236	1.83062	0.0621154	1376767	178.275	-1
345.419	637.309	2.06449	0.0689418	10093055	185.123	-1
346.04	611.593	2.34459	0.0447406	2556671	328.89	-1
346.131	601.535	2.21527	0.0459735	15204863	27.5557	-1
497.53	848.13	2.73327	0.0459154	13697791	175.749	-1
497.53	848.13	2.73327	0.0459154	13697791	96.3514	-1
497.53	848.13	2.73327	0.0459154	13697791	14.9066	-1
497.08	835.708	2.05225	0.0530491	9634303	341.445	-1
497.08	835.708	2.05225	0.0530491	9634303	198.34	-1
496.782	886.874	5.38859	0.0423934	12648960	277.13	-1
496.068	911.643	2.04461	0.0566102	9372159	162.332	-1
495.689	632.675	2.65819	0.052963	11666175	0.084198	-1
495.429	796.796	5.94621	0.0533255	3015424	254.323	-1
349.051	631.455	3.0346	0.0576295	4523007	184.536	-1
349.051	631.455	3.0346	0.0576295	4523007	352.032	-1
349.554	234.907	4.43024	0.0737673	15204608	87.8104	-1
349.554	234.907	4.43024	0.0737673	15204608	256.215	-1
495.429	796.796	5.94621	0.0533255	3015424	98.5284	-1
351.701	521.435	11.7626	0.0771415	2228993	156.815	-1
351.701	521.435	11.7626	0.0771415	2228993	357.384	-1
352.565	170.763	3.11754	0.0595444	6489087	291.723	-1
352.737	637.367	2.11846	0.0703815	11928063	355.182	-1
495.265	429.011	2.50596	0.0662957	7406335	188.975	-1
352.839	628.569	3.29438	0.0584079	10486783	90.1629	-1
495.265	429.011	2.50596	0.0662957	7406335	30.3373	-1
493.565	599.584	2.56775	0.0712742	9175807	24.7181	-1
356.44	571.699	2.74906	0.0730637	14091007	85.3806	-1
356.44	571.699	2.74906	0.0730637	14091007	274.954	-1
356.67	564.854	2.70255	0.073726	12845823	82.6597	-1
356.67	564.854	2.70255	0.073726	12845823	274.055	-1
357.092	581.62	2.82297	0.0723474	15991551	79.217	-1
357.092	581.62	2.82297	0.0723474	15991551	274.613	-1
493.26	835.865	2.62777	0.0493077	10814207	342.714	-1
492.515	635.859	2.12906	0.0516374	12321279	359.863	-1
492.515	635.859	2.12906	0.0516374	12321279	142.329	-1
492.486	629.227	2.02109	0.0458743	8520191	0.606689	-1
359.622	576.537	3.81212	0.0660493	4325632	19.6938	-1
359.622	576.537	3.81212	0.0660493	4325632	60.1199	-1
359.622	576.537	3.81212	0.0660493	4325632	293.257	-1
359.622	576.537	3.81212	0.0660493	4325632	342.766	-1
492.046	457.013	4.50822	0.0511409	16449792	193.325	-1
360.381	568.195	2.50363	0.0786293	7340799	85.3879	-1
360.381	568.195	2.50363	0.0786293	7340799	273.832	-1
492.046	457.013	4.50822	0.0511409	16449792	23.9555	-1
491.958	393.791	5.88873	0.0545796	2360064	108.653	-1
491.954	797.466	1.85544	0.0489326	2359807	359.772	-1
491.195	845.803	1.92773	0.0712916	5112319	25.954	-1
364.51	630.895	2.31323	0.0580212	1573631	342.091	-1
364.543	636.632	1.92875	0.0738495	5177855	125.024	-1
364.543	636.632	1.92875	0.0738495	5177855	321.799	-1
364.878	570.284	10.4087	0.0618347	10093057	351.506	-1
364.9	284.674	8.49951	0.0451813	12189953	359.011	-1
491.003	867.898	4.14798	0.0457274	10420480	266.899	-1
490.606	550.06	2.02705	0.064683	8782335	346.221	-1
490.606	550.06	2.02705	0.064683	8782335	289.011	-1
365.429	565.751	5.36677	0.0522402	12321280	90.1311	-1
490.232	449.039	39.366	0.0489429	6029827	182.605	-1
490.099	637.404	2.14349	0.0700069	12780031	315.519	-1
490.099	637.404	2.14349	0.0700069	12780031	143.901	-1
366.652	555.376	8.92269	0.0546622	15663361	243.652	-1
366.742	167.442	6.13744	0.0488625	5309184	270.451	-1
367.142	534.586	15.7306	0.0575019	6553858	207.754	-1
367.633	561.381	1.91149	0.041144	4522495	89.7707	-1
367.649	599.932	2.93245	0.0739701	2032639	11.5273	-1
367.649	599.932	2.93245	0.0739701	2032639	174.32	-1
367.727	629.96	1.99045	0.0793803	7406079	108.338	-1
489.577	628.148	2.04008	0.068733	9241087	217.788	-1
489.577	628.148	2.04008	0.068733	9241087	53.8762	-1
368.107	612.832	3.48712	0.064117	14550015	273.534	-1
488.631	612.224	3.70036	0.0679715	2162944	207.148	-1
488.561	861.226	5.14235	0.0465708	9241088	269.904	-1
369.866	574.891	2.0587	0.0539465	9896447	187.086	-1
369.866	574.891	2.0587	0.0539465	9896447	262.861	-1
488.561	861.226	5.14235	0.0465708	9241088	106.982	-1
370.805	567.862	2.8075	0.0862944	15598335	93.9187	-1
370.805	567.862	2.8075	0.0862944	15598335	262.123	-1
371.086	610.259	2.35076	0.0521254	2753279	97.8078	-1
371.086	610.259	2.35076	0.0521254	2753279	172.189	-1
487.553	854.646	3.17438	0.0410241	7799807	263.862	-1
487.044	871.521	1.94343	0.0662774	5702143	155.037	-1
373.562	577.839	5.95384	0.044098	3146496	214.133	-1
373.821	563.951	2.77913	0.0820214	14877439	91.3828	-1
373.821	563.951	2.77913	0.0820214	14877439	261.608	-1
374.122	410.643	3.00732	0.0537526	3867647	185.628	-1
374.122	410.643	3.00732	0.0537526	3867647	305.075	-1
374.47	571.621	2.61148	0.078073	10355455	94.713	-1
374.47	571.621	2.61148	0.078073	10355455	259.371	-1
374.728	631.81	3.34076	0.0539647	11469823	159.965	-1
374.728	631.81	3.34076	0.0539647	11469823	354.207	-1
487.044	871.521	1.94343	0.0662774	5702143	23.5707	-1
485.209	632.29	5.05439	0.0443499	7995904	90.691	-1
484.969	832.877	1.8369	0.0751087	1638911	157.746	-1
375.59	401.549	13.0929	0.0429569	9962241	229.403	-1
375.59	401.549	13.0929	0.0429569	9962241	335.978	-1
375.612	613.483	2.51514	0.0709511	7668479	94.3636	-1
375.612	613.483	2.51514	0.0709511	7668479	266.718	-1
375.91	575.51	3.28268	0.0410691	10224639	258.488	-1
484.969	832.877	1.8369	0.0751087	1638911	28.9333	-1
484.851	835.726	4.15799	0.04358	10617088	272.59	-1
483.764	794.798	1.85526	0.0659611	2359807	176.683	-1
376.657	436.359	25.5491	0.0506048	8192770	152.145	-1
483.587	599.718	2.80409	0.0736005	15532799	343.992	-1
483.587	599.718	2.80409	0.0736005	15532799	156.605	-1
376.887	177.372	2.63573	0.0545409	11010815	289.603	-1
483.264	637.407	1.95924	0.0700276	6291967	194.843	-1
482.675	822.67	2.00816	0.0732517	8061439	358.826	-1
482.675	822.67	2.00816	0.0732517	8061439	188.157	-1
378.557	637.251	2.19079	0.073013	14352895	183.965	-1
378.557	637.251	2.19079	0.073013	14352895	355.749	-1
378.617	628.59	3.21394	0.0606762	8651775	90.8433	-1
480.913	797.445	6.0257	0.0490311	3998464	278.023	-1
378.885	611.751	1.92556	0.0420409	5046783	20.4986	-1
480.913	797.445	6.0257	0.0490311	3998464	80.8172	-1
379.493	581.853	1.87851	0.080998	3277311	277.576	-1
379.496	577.281	1.83125	0.0767503	1376767	78.7877	-1
379.496	577.281	1.83125	0.0767503	1376767	278.635	-1
479.843	613.329	2.57679	0.071852	9372415	317.358	-1
479.843	613.329	2.57679	0.071852	9372415	165.998	-1
381.423	613.347	2.409	0.0709707	4522751	226.954	-1
477.906	610.032	3.95643	0.0608588	7012608	300.211	-1
382.268	631.333	2.94999	0.067629	2491391	186.104	-1
382.268	631.333	2.94999	0.067629	2491391	355.78	-1
383.155	609.866	3.84892	0.0585268	4980992	23.7111	-1
477.906	610.032	3.95643	0.0608588	7012608	161.521	-1
476.114	861.394	2.37335	0.0677158	3474175	189.797	-1
474.466	606.198	9.44733	0.0530225	3080705	67.0765	-1
474.449	632.842	3.77953	0.0646557	3670272	11.0909	-1
474.148	606.833	2.3666	0.122137	3277567	345.67	-1
385.783	637.422	1.91895	0.079432	4784639	185.898	-1
385.783	637.422	1.91895	0.079432	4784639	354.008	-1
474.148	606.833	2.3666	0.122137	3277567	196.39	-1
386.166	577.703	8.40973	0.0538803	11403521	280.935	-1
474.148	606.833	2.3666	0.122137	3277567	161.517	-1
386.312	167.433	6.16457	0.0487105	5636864	270.656	-1
474.148	606.833	2.3666	0.122137	3277567	20.5928	-1
386.931	610.175	2.03033	0.054556	8847871	270.948	-1
386.969	600.462	3.95188	0.0693332	6881536	28.5147	-1
387.098	606.867	2.33306	0.0891262	2228991	160.474	-1
387.098	606.867	2.33306	0.0891262	2228991	196.849	-1
387.098	606.867	2.33306	0.0891262	2228991	344.262	-1
387.741	581.396	2.71589	0.0566396	13173503	269.207	-1
387.844	576.925	3.34813	0.0448575	11600895	176.817	-1
387.942	573.093	2.88044	0.0608937	721919	93.3824	-1
473.958	610.159	1.9948	0.0684456	7602687	277.958	-1
390.086	605.146	2.45616	0.051663	5964543	161.081	-1
390.34	380.588	8.82774	0.0480672	14876929	172.598	-1
390.34	380.588	8.82774	0.0480672	14876929	357.546	-1
473.923	587.067	14.1054	0.0407641	15401729	64.2205	-1
390.679	637.445	1.8589	0.0804403	2490879	191.618	-1
390.679	637.445	1.8589	0.0804403	2490879	353.299	-1
390.685	628.168	1.82234	0.0751044	1049087	161.459	-1
472.803	797.291	2.28433	0.0808981	656127	355.605	-1
472.803	797.291	2.28433	0.0808981	656127	323.259	-1
391.084	610.299	4.04761	0.0587745	8651008	163.159	-1
472.803	797.291	2.28433	0.0808981	656127	282.969	-1
391.759	170.437	2.4672	0.0602825	6226687	85.2634	-1
392.409	632.474	3.66655	0.0467108	1507584	95.8362	-1
392.812	613.365	2.60903	0.0716835	10289919	167.1	-1
392.868	170.683	3.05502	0.0605411	4981759	91.3366	-1
393.945	563.493	3.31148	0.0706604	10814463	96.52	-1
393.945	563.493	3.31148	0.0706604	10814463	266.135	-1
394.496	581.373	3.04393	0.0662754	4719615	92.3452	-1
394.496	581.373	3.04393	0.0662754	4719615	269.387	-1
472.803	797.291	2.28433	0.0808981	656127	188.76	-1
395.495	599.265	2.2969	0.073749	1114879	87.4884	-1
395.495	599.265	2.2969	0.073749	1114879	282.507	-1
395.563	605.241	4.58548	0.0608923	983552	168.195	-1
395.743	635.174	1.88525	0.0561848	3539455	327.246	-1
472.056	612.974	2.13748	0.0836274	12583423	215.418	-1
471.467	546.537	2.48483	0.0651036	6750975	272.145	-1
471.467	546.537	2.48483	0.0651036	6750975	194.844	-1
396.596	631.872	1.89295	0.0572031	3801599	146.331	-1
396.596	631.872	1.89295	0.0572031	3801599	217.881	-1
396.908	628.083	1.89314	0.0743155	3801599	52.7195	-1
396.908	628.083	1.89314	0.0743155	3801599	222.36	-1
471.261	605.104	2.37225	0.0796597	3408639	19.9773	-1
470.361	609.649	3.5709	0.0773787	16319487	20.1455	-1
397.407	637.285	2.68594	0.0568656	12387071	327.807	-1
397.551	602.203	2.02885	0.0602459	8847871	275.876	-1
397.551	602.203	2.02885	0.0602459	8847871	354.734	-1
469.117	912.237	5.50933	0.0408397	14221824	268.825	-1
399.143	180.828	4.07451	0.0405281	9109760	90.8081	-1
399.143	180.828	4.07451	0.0405281	9109760	275.658	-1
469.117	912.237	5.50933	0.0408397	14221824	91.7367	-1
468.503	613.433	2.28375	0.101778	656127	228.812	-1
400.711	612.898	2.85821	0.082884	197631	184.53	-1
400.711	612.898	2.85821	0.082884	197631	353.492	-1
400.747	600.292	4.17529	0.0660985	10879232	91.4885	-1
400.868	572.53	7.68121	0.0599543	4849921	2.2731	-1
401.762	399.976	10.134	0.0532699	8192513	199.33	-1
468.301	860.406	5.04559	0.0494924	7864832	83.9741	-1
403.893	602.244	2.081	0.0601848	10682879	184.139	-1
403.893	602.244	2.081	0.0601848	10682879	261.264	-1
403.932	576.896	3.69509	0.0588146	2031872	8.49725	-1
403.996	568.009	3.7251	0.0587016	2621696	353.638	-1
404.585	577.865	2.66177	0.0610614	11731711	6.08441	-1
404.585	577.865	2.66177	0.0610614	11731711	86.5752	-1
405.048	566.639	2.06926	0.0645508	10224127	272.932	-1
405.048	566.639	2.06926	0.0645508	10224127	355.109	-1
405.826	530.816	16.251	0.0592675	8913154	302.866	-1
405.826	530.816	16.251	0.0592675	8913154	327.183	-1
406.128	605.055	4.77468	0.0638137	3867136	0.143005	-1
406.474	281.408	10.0688	0.0508049	7733761	11.399	-1
468.301	860.406	5.04559	0.0494924	7864832	13.0208	-1
407.217	637.453	2.02264	0.0828071	8585727	192.239	-1
407.217	637.453	2.02264	0.0828071	8585727	352.413	-1
407.584	628.363	2.31498	0.0571179	1639167	100.055	-1
408.73	580.174	4.84484	0.0637936	4915712	270.565	-1
408.832	564.786	4.69145	0.0660086	2621952	91.8564	-1
467.835	628.598	1.81562	0.0675669	786943	30.9378	-1
409.522	177.657	2.92663	0.0692291	1901567	78.2974	-1
409.522	177.657	2.92663	0.0692291	1901567	270.789	-1
409.806	631.813	8.09641	0.0427795	8651009	256.769	-1
410.338	547.492	1.87658	0.0485954	3146239	285.91	-1
410.345	169.04	3.07732	0.0644234	5506047	126.694	-1
410.345	169.04	3.07732	0.0644234	5506047	322.11	-1
410.574	635.958	2.48432	0.0720519	6750975	204.135	-1
410.574	635.958	2.48432	0.0720519	6750975	326.93	-1
410.583	630.498	2.29294	0.095433	983807	58.5041	-1
410.583	630.498	2.29294	0.095433	983807	99.8706	-1
410.583	630.498	2.29294	0.095433	983807	141.052	-1
410.583	630.498	2.29294	0.095433	983807	180.483	-1
410.583	630.498	2.29294	0.095433	983807	213.106	-1
410.753	563.484	2.7434	0.0577595	13959935	92.6834	-1
411.053	174.476	2.17087	0.0523629	13697535	320.311	-1
411.255	581.925	2.09563	0.0560124	11141631	183.081	-1
411.255	581.925	2.09563	0.0560124	11141631	265.782	-1
411.374	420.93	2.32512	0.0422979	1966847	76.1362	-1
467.375	620.938	7.51525	0.0568016	3277057	286.922	-1
411.659	599.674	2.78957	0.0630192	15139583	80.7486	-1
411.894	612.777	4.04342	0.0577542	8585472	2.33643	-1
411.894	612.777	4.04342	0.0577542	8585472	257.505	-1
412.099	606.377	4.10041	0.0494031	9568512	1.30588	-1
413.142	633.554	2.65968	0.0632114	11666175	180.636	-1
467.375	620.938	7.51525	0.0568016	3277057	51.383	-1
414.106	637.538	1.97565	0.096287	6881791	183.369	-1
414.106	637.538	1.97565	0.096287	6881791	340.293	-1
467.247	800	2.68515	0.0434353	12387071	230.606	-1
414.314	629.678	2.23836	0.0760238	15925759	174.193	-1
414.372	629.793	2.18414	0.0755601	14156287	187.506	-1
414.558	602.535	2.36414	0.0483382	3146495	103.586	-1
414.558	602.535	2.36414	0.0483382	3146495	262.655	-1
414.984	604.68	9.94085	0.05168	6816257	193.026	-1
415.053	180.817	4.07944	0.0439468	9175296	90.0349	-1
415.053	180.817	4.07944	0.0439468	9175296	285.435	-1
467.023	862.153	2.1724	0.0567916	13763071	359.519	-1
466.368	632.74	2.46169	0.0746642	6095615	4.95276	-1
465.508	636.08	1.87064	0.099837	2949631	56.535	-1
465.497	629.468	1.8152	0.115374	786943	297.683	-1
465.497	629.468	1.8152	0.115374	786943	135.656	-1
416.349	166.923	4.91063	0.0574701	5898752	268.817	-1
416.567	563.135	2.10266	0.0603858	11403775	84.1863	-1
416.582	581.93	2.1238	0.0556854	12124671	275.311	-1
464.864	454.297	5.10802	0.0535764	8782336	4.20578	-1
418.2	516.693	10.6156	0.0776832	11534849	18.2027	-1
418.2	516.693	10.6156	0.0776832	11534849	165.573	-1
418.471	177.916	2.39466	0.0488348	4129535	287.774	-1
464.729	537.347	13.8878	0.0763297	14287617	279.266	-1
418.702	451.836	10.3255	0.0867538	9503233	194.086	-1
418.702	451.836	10.3255	0.0867538	9503233	337.352	-1
418.779	565.08	4.60811	0.0705871	1311232	177.989	-1
419.174	579.848	5.0946	0.0540301	8585728	288.285	-1
419.271	420.355	1.93758	0.0502867	5505535	91.4962	-1
419.286	174.309	5.8894	0.0577045	2360064	101.092	-1
419.286	174.309	5.8894	0.0577045	2360064	274.33	-1
419.298	410.275	16.8836	0.0550006	11665666	90.498	-1
419.653	585.115	2.97433	0.0405853	3081215	280.916	-1
419.788	391.161	12.1799	0.0474901	4784897	341.489	-1
419.861	602.836	2.40712	0.0423355	4457215	125.087	-1
419.861	602.836	2.40712	0.0423355	4457215	241.77	-1
419.926	606.18	2.15353	0.080625	13107711	258.24	-1
420.073	635.238	2.50715	0.0822674	7406335	19.653	-1
464.729	537.347	13.8878	0.0763297	14287617	200.308	-1
420.508	599.308	2.34591	0.066649	2622207	240.786	-1
420.569	550.095	4.81698	0.0408871	4522496	271.282	-1
420.698	171.874	3.49817	0.0540789	14812159	78.1005	-1
420.698	171.874	3.49817	0.0540789	14812159	155.987	-1
420.795	613.539	2.4735	0.0895466	6423295	99.3326	-1
420.795	613.539	2.4735	0.0895466	6423295	259.547	-1
464.656	575.051	2.0807	0.0661754	10617343	264.018	-1
464.656	575.051	2.0807	0.0661754	10617343	184.736	-1
422.855	628.53	2.61223	0.098414	10420991	23.3404	-1
422.855	628.53	2.61223	0.098414	10420991	108.639	-1
422.855	628.53	2.61223	0.098414	10420991	147.139	-1
423.121	633.006	6.26316	0.0521596	6816512	280.177	-1
423.289	625.497	1.8483	0.0467635	2097663	102.242	-1
423.969	181.129	3.74002	0.0424874	2949376	263.308	-1
464.65	832.766	2.32004	0.0608281	1835775	83.295	-1
462.818	632.952	3.90954	0.0868649	6160640	266.206	-1
424.262	574.893	4.44357	0.0618748	15401216	175.528	-1
424.443	173.454	1.84094	0.0453694	1769983	127.959	-1
424.443	173.454	1.84094	0.0453694	1769983	169.274	-1
462.818	632.952	3.90954	0.0868649	6160640	180.295	-1
462.818	632.952	3.90954	0.0868649	6160640	62.6376	-1
462.818	632.952	3.90954	0.0868649	6160640	17.7875	-1
425.45	635.188	2.75447	0.0716329	14222079	159.299	-1
462.793	613.511	2.50893	0.095795	7471871	266.042	-1
462.793	613.511	2.50893	0.095795	7471871	94.3358	-1
462.481	630.069	1.93942	0.0659767	5571071	294.778	-1
462.045	635.608	2.07891	0.0785609	10551807	57.3828	-1
461.882	548.143	2.56276	0.0636052	8979199	280.928	-1
461.828	581.951	2.08658	0.0713559	10879487	267.045	-1
427.665	462.601	2.7341	0.0604517	13697791	355.943	-1
427.772	617.967	12.3431	0.0495134	5702401	201.873	-1
428.758	633.532	2.70853	0.0677464	12976895	158.549	-1
429.459	465.581	2.00741	0.0415907	8061439	276.99	-1
461.828	581.951	2.08658	0.0713559	10879487	183.645	-1
461.124	572.201	10.161	0.0795395	8389121	215.416	-1
430.735	630.539	2.08718	0.0733199	10879487	349.043	-1
460.402	637.885	1.89817	0.0900394	3998207	277.63	-1
460.079	580.153	4.65195	0.0903621	1966592	341.103	-1
433.937	629.963	1.9713	0.0957376	6750719	105.331	-1
433.937	629.963	1.9713	0.0957376	6750719	295.402	-1
460.079	580.153	4.65195	0.0903621	1966592	200.353	-1
460.02	584.533	1.92712	0.0469064	5112319	270.85	-1
434.605	173.031	2.99282	0.0678825	3539967	121.823	-1
434.605	173.031	2.99282	0.0678825	3539967	324.169	-1
434.663	573.324	5.80324	0.0562326	1245952	227.908	-1
435.081	603.475	4.57386	0.0444464	786944	9.1904	-1
459.922	564.859	4.61762	0.0956884	1442304	16.2498	-1
435.477	483.503	32.2436	0.0603086	8323331	358.464	-1
435.559	499.1	6.17491	0.0464019	5767936	87.4586	-1
435.798	546.867	6.27406	0.0426708	6947584	238.078	-1
435.808	455.661	13.2112	0.0750238	10617601	328.227	-1
435.841	423.727	4.39089	0.0447942	14549248	119.766	-1
459.063	445.864	6.65391	0.0465744	11141888	8.61462	-1
436.036	511.468	13.1657	0.0695318	10420993	27.1859	-1
436.834	425.756	2.75543	0.0434334	14222079	123.307	-1
438.607	410.232	2.32762	0.0408089	2032383	241.139	-1
438.607	410.232	2.32762	0.0408089	2032383	291.348	-1
458.987	261.246	9.64293	0.0441009	4588033	9.5415	-1
439.021	169.707	4.72688	0.0429793	3146240	88.8384	-1
439.021	169.707	4.72688	0.0429793	3146240	268.589	-1
458.943	553.107	9.57669	0.0580518	4063745	279.822	-1
439.336	570.419	1.99936	0.0428881	7733759	89.2417	-1
439.336	570.419	1.99936	0.0428881	7733759	159.905	-1
458.81	616.335	2.05611	0.0482352	9765375	269.722	-1
440.172	612.718	3.23285	0.0702264	9110527	356.844	-1
458.619	797.231	6.64392	0.0560576	11076352	93.6624	-1
440.454	599.937	3.3814	0.0748358	12321791	9.16602	-1
458.434	558.543	4.35573	0.0408967	13959424	68.4827	-1
458.431	610.319	2.52315	0.0725003	7865087	172.888	-1
441.49	177.27	5.99464	0.0631641	3605248	181.327	-1
441.615	573.307	2.8113	0.0827559	15729407	271.309	-1
458.431	610.319	2.52315	0.0725003	7865087	93.6912	-1
441.752	604.547	7.65461	0.0642927	4587777	6.49231	-1
457.659	547.043	1.98843	0.0420343	7340543	277.606	-1
457.143	834.677	4.82089	0.0593852	4588032	256.896	-1
457.143	834.677	4.82089	0.0593852	4588032	77.3697	-1
457.143	834.677	4.82089	0.0593852	4588032	3.15802	-1
456.646	462.015	17.1174	0.041675	12648706	0.191895	-1
442.466	399.101	16.716	0.0484068	10944770	193.065	-1
442.466	399.101	16.716	0.0484068	10944770	337.689	-1
455.803	172.833	13.8161	0.040862	13894401	268.764	-1
443.141	180.597	2.11055	0.0452854	11665919	197.595	-1
455.373	576.342	2.50717	0.0584975	7406335	358.228	-1
454.867	599.711	2.67901	0.0936985	12190463	175.231	-1
443.299	174.167	3.49544	0.059866	14746623	185.105	-1
443.381	635.121	2.63105	0.0496986	10879743	24.4646	-1
443.381	635.121	2.63105	0.0496986	10879743	235.641	-1
444.266	462.654	2.58026	0.06478	9503487	183.521	-1
454.062	543.841	2.15068	0.0597996	13042175	283.26	-1
453.238	633.324	4.04747	0.0474342	8651008	161.929	-1
453.153	567.716	4.98091	0.0650021	6947328	14.601	-1
452.578	573.251	2.76554	0.0956585	14484223	268.325	-1
445.929	632.824	6.88305	0.0527265	13632256	151.388	-1
445.929	632.824	6.88305	0.0527265	13632256	244.578	-1
452.578	573.251	2.76554	0.0956585	14484223	91.6853	-1
446.063	637.998	2.52883	0.0541465	8061695	231.867	-1
446.063	637.998	2.52883	0.0541465	8061695	298.417	-1
446.111	628.581	2.73408	0.0710622	13697791	156.046	-1
446.77	602.671	2.68464	0.0588815	12387071	257.074	-1
447.633	576.421	2.32685	0.053607	2032383	269.821	-1
447.791	606.16	2.26781	0.0847976	131839	107.813	-1
447.791	606.16	2.26781	0.0847976	131839	252.767	-1
451.411	429.887	14.7451	0.0599508	1900802	13.3418	-1
448.207	164.839	1.80845	0.0421524	524799	266.2	-1
450.681	570.198	2.20208	0.0579938	14746111	90.6776	-1
450.669	603.023	3.33445	0.0604342	11338751	359.638	-1
403.736	423.86	2.65767	0.0405146	11666175	64.0829	-1
239.236	344.326	6.59158	0.0403004	10486528	199.719	-1
391.058	408.1	7.91465	0.0402499	7012609	212.968	-1
391.058	408.1	7.91465	0.0402499	7012609	327.353	-1
239.236	344.326	6.59158	0.0403004	10486528	155.845	-1
563.025	175.046	2.13222	0.0402983	12386815	95.931	-1
563.025	175.046	2.13222	0.0402983	12386815	301.298	-1
345.013	401.827	10.5392	0.0401721	11010561	172.586	-1
243.733	168.475	6.82322	0.0401421	12976896	270.508	-1
174.428	827.659	2.98877	0.0404166	3408895	359.921	-1
342.534	420.383	10.2714	0.0401208	9175553	119.647	-1
493.717	403.159	6.90442	0.0400066	13828864	190.209	-1
464.341	293.649	12.165	0.0389652	4653825	177.292	-1
567.883	166.98	5.3997	0.0394079	12780032	266.81	-1
494.874	880.186	3.47014	0.0388485	14222335	268.027	-1
391.144	578.563	2.12671	0.0398517	12255743	178.763	-1
531.458	829.323	2.67393	0.0397629	12059391	93.2787	-1
510.045	912.161	5.50357	0.0397793	14156288	91.2305	-1
510.045	912.161	5.50357	0.0397793	14156288	270.358	-1
255.405	180.617	4.3883	0.0393011	14483712	257.761	-1
557.857	175.597	2.05498	0.0392674	9765375	288.338	-1
512.095	632.651	4.73213	0.0394741	3211776	29.3176	-1
512.095	632.651	4.73213	0.0394741	3211776	156.363	-1
481.316	379.679	9.76615	0.0392429	5505537	16.6487	-1
557.857	175.597	2.05498	0.0392674	9765375	85.6861	-1
513.976	867.188	3.86648	0.0390499	5308672	95.4153	-1
186.273	389.987	8.48431	0.0394439	12058881	290.079	-1
513.976	867.188	3.86648	0.0390499	5308672	290.535	-1
514.46	828.862	3.14082	0.039171	7013375	262.277	-1
464.829	796.233	5.29648	0.039914	11403776	94.1253	-1
186.273	389.987	8.48431	0.0394439	12058881	147.752	-1
552.824	867.629	4.13416	0.0394859	10158336	94.175	-1
464.341	293.649	12.165	0.0389652	4653825	160.129	-1
440.188	632.115	2.86941	0.0389682	459775	29.3145	-1
552.824	867.629	4.13416	0.0394859	10158336	262.281	-1
278.874	228.111	20.4818	0.0393213	8913410	259.23	-1
375.272	606.733	6.44405	0.0391469	8848128	163.157	-1
439.169	466.233	3.33138	0.0392159	11273215	263.095	-1
375.272	606.733	6.44405	0.0391469	8848128	30.8666	-1
255.405	180.617	4.3883	0.0393011	14483712	92.0065	-1
204.043	512.723	2.37381	0.0388443	3474175	136.555	-1
257.105	233.184	36.8909	0.038627	1376771	265.516	-1
416.347	639.989	2.3971	0.0388415	4195071	277.363	-1
390.647	420.161	16.7705	0.0385877	11206914	29.5279	-1
383.321	181.155	3.82022	0.0385496	4456704	288.84	-1
416.347	639.989	2.3971	0.0388415	4195071	243.551	-1
440.862	585.849	11.9527	0.038724	3408641	227.649	-1
204.043	512.723	2.37381	0.0388443	3474175	180.382	-1
467.156	616.595	2.10165	0.0384025	11338239	268.351	-1
204.043	512.723	2.37381	0.0388443	3474175	308.631	-1
445.257	283.252	10.365	0.0387226	9830913	6.31302	-1
257.105	233.184	36.8909	0.038627	1376771	359.368	-1
493.174	855.505	4.95618	0.0385739	6554112	272.36	-1
562.661	902.793	1.89877	0.0383729	3998207	177.902	-1
604.141	446.467	2.29333	0.038252	983807	198.219	-1
