403.6	389.327	2.1233	0.0528003	12124671	67.2492	-1
522.618	409.004	2.14695	0.0482518	12911103	24.164	-1
522.491	831.415	2.42318	0.0770631	4981503	195.813	-1
522.491	831.415	2.42318	0.0770631	4981503	12.0835	-1
522.128	872.343	1.93948	0.0841372	5571071	151.988	-1
520.802	405.929	6.99612	0.0469278	14811904	28.4253	-1
518.486	284.72	10.3401	0.0510109	9634305	4.57111	-1
518.444	842.495	1.91143	0.0608662	4522495	179.103	-1
190.663	937.762	3.04519	0.061395	4785151	101.111	-1
190.894	831.74	4.59592	0.0688099	1114624	181.129	-1
517.98	404.298	12.9309	0.0474408	9110273	26.9878	-1
517.067	852.818	3.94694	0.0533272	6816000	354.409	-1
517.067	852.818	3.94694	0.0533272	6816000	319.892	-1
517.067	852.818	3.94694	0.0533272	6816000	280.131	-1
517.067	852.818	3.94694	0.0533272	6816000	97.4235	-1
517.067	852.818	3.94694	0.0533272	6816000	26.8643	-1
515.864	841.217	1.92527	0.0713282	5046783	177.938	-1
514.531	875.979	2.03013	0.0639011	8847871	340.926	-1
593.481	472.371	2.72613	0.0566561	13501183	293.419	-1
513.443	441.875	3.06944	0.0586628	5374975	23.6022	-1
513.297	839.475	2.17432	0.0641084	13828607	270.471	-1
513.068	874.348	3.93195	0.0561394	6553856	336.768	-1
593.481	472.371	2.72613	0.0566561	13501183	26.6306	-1
512.924	583.535	17.9174	0.070106	15991042	221.803	-1
512.924	583.535	17.9174	0.070106	15991042	76.8639	-1
512.905	812.51	2.18244	0.0583086	14090751	348.358	-1
200.465	918.219	1.79638	0.0680125	511	270.496	-1
512.805	852.381	2.11614	0.0698217	11862527	201.83	-1
512.481	879.291	3.06865	0.0465677	5309439	92.351	-1
511.756	748.389	8.6284	0.0565886	13238529	248.735	-1
511.756	748.389	8.6284	0.0565886	13238529	25.7685	-1
511.539	662.158	2.38763	0.0635634	3867391	4.10742	-1
511.481	659.442	2.32494	0.0676925	1966847	356.237	-1
511.261	568.414	6.41801	0.051156	8585984	267.901	-1
511.261	568.414	6.41801	0.051156	8585984	200.475	-1
510.617	876.061	1.93137	0.0622298	5243391	200.404	-1
508.723	873.636	2.04084	0.0702508	9241087	200.89	-1
508.723	873.636	2.04084	0.0702508	9241087	13.0472	-1
508.242	813.032	5.37519	0.0525127	12452352	189.485	-1
508.242	813.032	5.37519	0.0525127	12452352	90.8205	-1
507.66	550.763	19.0233	0.0575745	3604994	194.662	-1
507.607	437.061	2.76268	0.0617756	14418687	282.915	-1
507.607	437.061	2.76268	0.0617756	14418687	26.7007	-1
507.449	655.71	2.61398	0.05737	10420991	116.585	-1
507.449	655.71	2.61398	0.05737	10420991	83.547	-1
529.011	907.311	2.1331	0.0634764	12452351	1.6684	-1
506.544	660.519	2.4292	0.0594739	5112575	309.886	-1
506.544	660.519	2.4292	0.0594739	5112575	170.936	-1
506.212	871.648	2.11561	0.0690321	11862527	270.921	-1
504.317	853.096	1.84653	0.052138	2032127	1.24844	-1
503.77	884.806	2.41062	0.0772652	4588287	186.227	-1
503.77	884.806	2.41062	0.0772652	4588287	64.7686	-1
503.464	874.017	2.36691	0.0600509	3277567	165.86	-1
503.464	874.017	2.36691	0.0600509	3277567	7.23721	-1
587.443	810.35	2.22058	0.0750815	15335935	358.762	-1
503.331	572.258	2.91443	0.0561522	1573887	285.512	-1
503.331	572.258	2.91443	0.0561522	1573887	207.707	-1
503.11	842.001	2.35957	0.0650852	3015423	269.847	-1
503.11	842.001	2.35957	0.0650852	3015423	92.087	-1
502.826	831.11	2.45218	0.0750537	5833471	299.112	-1
502.826	831.11	2.45218	0.0750537	5833471	249.129	-1
502.826	831.11	2.45218	0.0750537	5833471	183.345	-1
502.826	831.11	2.45218	0.0750537	5833471	143.872	-1
502.826	831.11	2.45218	0.0750537	5833471	0.846069	-1
210.979	832.302	2.16678	0.0485694	13566463	107.699	-1
501.745	447.253	15.5682	0.0598304	5832962	17.6744	-1
529.466	853.48	2.14284	0.0566531	12780031	221.232	-1
501.541	251.21	13.0754	0.0549093	9896705	5.78159	-1
529.466	853.48	2.14284	0.0566531	12780031	359.881	-1
498.142	653.602	1.96109	0.079532	6357503	186.55	-1
497.54	662.342	2.43406	0.076572	5309183	145.195	-1
585.228	812.815	2.13971	0.0632021	12648959	3.32504	-1
496.634	397.1	6.29043	0.0498927	7078656	155.531	-1
496.413	588.179	2.19199	0.0614852	14418431	197.437	-1
496.413	588.179	2.19199	0.0614852	14418431	113.173	-1
496.075	315.632	6.11797	0.0525128	5112576	12.3546	-1
531.513	855.579	2.04181	0.0783467	9306623	91.6815	-1
495.515	884.634	2.12679	0.0847898	12255743	359.396	-1
495.515	884.634	2.12679	0.0847898	12255743	185.388	-1
495.491	400.001	3.328	0.0523168	11207679	156.893	-1
217.712	447.73	31.9267	0.0574221	7602435	172.098	-1
495.491	400.001	3.328	0.0523168	11207679	70.3271	-1
494.834	852.513	3.8001	0.0500851	4063488	90.8188	-1
494.137	843.408	1.92515	0.0673435	5046783	340.871	-1
493.954	564.385	2.47978	0.062798	6619903	359.975	-1
493.954	564.385	2.47978	0.062798	6619903	96.6363	-1
493.653	635.183	3.3976	0.0624524	12715007	269.764	-1
493.556	643.943	2.17449	0.0822071	13828607	177.689	-1
493.556	643.943	2.17449	0.0822071	13828607	3.28186	-1
493.098	660.884	2.16952	0.0614797	13697535	148.751	-1
493.098	660.884	2.16952	0.0614797	13697535	2.7515	-1
492.999	621.284	2.29196	0.0789104	918271	346.524	-1
492.999	621.284	2.29196	0.0789104	918271	136.618	-1
492.64	842.111	3.97928	0.0538422	7405824	330.363	-1
531.513	855.579	2.04181	0.0783467	9306623	223.566	-1
491.458	868.104	1.93565	0.0492469	5439999	92.8042	-1
491.072	653.945	2.75245	0.0777507	14156543	183.23	-1
531.771	831.37	2.808	0.0564703	15598335	186.495	-1
490.723	874.116	3.85947	0.0466049	5177600	228.778	-1
490.723	874.116	3.85947	0.0466049	5177600	90.048	-1
490.505	843.386	1.97376	0.0622584	6816255	199.168	-1
490.505	843.386	1.97376	0.0622584	6816255	72.4448	-1
490.41	662.655	1.83753	0.0864659	1638911	3.62225	-1
490.199	852.517	2.48128	0.0591173	6685439	207.257	-1
490.192	641.839	2.76554	0.0548892	14484223	342.271	-1
490.192	641.839	2.76554	0.0548892	14484223	179.203	-1
489.142	620.536	2.07179	0.0493245	10355199	97.6718	-1
227.254	836.488	3.20863	0.0573625	8520703	107.918	-1
227.254	836.488	3.20863	0.0573625	8520703	305.032	-1
487.945	614.013	9.36953	0.049222	2490881	342.519	-1
487.945	614.013	9.36953	0.049222	2490881	268.903	-1
227.69	816.649	2.93957	0.0539739	2229247	138.702	-1
227.744	814.317	5.83676	0.0535808	1704704	69.3408	-1
227.744	814.317	5.83676	0.0535808	1704704	237.069	-1
581.641	477.858	14.9547	0.0683635	2883842	232.106	-1
487.945	614.013	9.36953	0.049222	2490881	86.1381	-1
487.807	661.185	1.85209	0.0652854	2228735	180.321	-1
487.545	617.732	1.92806	0.057287	5112319	91.925	-1
487.408	607.577	4.04825	0.0719883	8651008	336.513	-1
487.408	607.577	4.04825	0.0719883	8651008	205.283	-1
487.384	614.464	2.37661	0.0888009	3539711	343.41	-1
487.384	614.464	2.37661	0.0888009	3539711	166.55	-1
487.384	614.464	2.37661	0.0888009	3539711	12.2062	-1
487.363	644.144	1.82926	0.0799128	1311231	344.32	-1
487.253	397.331	6.68616	0.0643878	11535104	356.334	-1
485.907	873.96	2.4535	0.0529667	5833471	208.215	-1
533.558	877.019	2.01638	0.0669768	8389119	93.5038	-1
581.641	477.858	14.9547	0.0683635	2883842	20.5914	-1
533.558	877.019	2.01638	0.0669768	8389119	228.969	-1
485.362	810.6	1.89874	0.0792498	3998207	329.571	-1
485.362	810.6	1.89874	0.0792498	3998207	184.069	-1
232.536	458.054	10.0706	0.0658384	7733761	343.261	-1
485.211	620.615	2.29842	0.0488624	1114879	75.3504	-1
485.211	620.615	2.29842	0.0488624	1114879	41.8799	-1
484.293	612.479	2.49081	0.0587462	6947583	200.101	-1
484.075	828.605	1.83247	0.0800839	1442303	327.662	-1
484.075	828.605	1.83247	0.0800839	1442303	264.547	-1
483.875	551.852	16.175	0.0690378	8585474	0.90387	-1
483.774	404.031	1.94154	0.065046	5636607	5.49527	-1
483.382	635.052	2.74065	0.0733628	13828863	335.181	-1
483.382	635.052	2.74065	0.0733628	13828863	206.745	-1
534.856	839.766	1.9657	0.0807769	6554111	186.497	-1
483.194	639.467	1.83408	0.0844478	1507839	339.326	-1
483.194	639.467	1.83408	0.0844478	1507839	195.296	-1
483.194	639.467	1.83408	0.0844478	1507839	3.38803	-1
483.038	639.367	6.53417	0.0501662	9831168	217.211	-1
483.038	639.367	6.53417	0.0501662	9831168	88.4323	-1
534.856	839.766	1.9657	0.0807769	6554111	331.06	-1
236.508	342.997	13.3838	0.0517722	11600641	324.157	-1
481.659	653.469	2.67917	0.0749048	12190463	334.66	-1
481.659	653.469	2.67917	0.0749048	12190463	206.297	-1
481.465	841.658	2.88476	0.0536048	852991	340.836	-1
237.589	244.61	4.17866	0.0475607	10944768	87.897	-1
237.589	244.61	4.17866	0.0475607	10944768	272.388	-1
481.465	841.658	2.88476	0.0536048	852991	169.266	-1
481.26	263.337	2.72631	0.0473282	13501183	310.438	-1
480.781	895.605	8.48805	0.0468712	12058881	31.4071	-1
480.447	641.616	2.66593	0.0623478	11862783	201.43	-1
535.515	847.817	2.74091	0.0480071	13894399	91.0236	-1
238.692	438.847	18.7244	0.0514305	2425346	318.883	-1
478.921	849.741	1.86121	0.0799194	2556415	333.065	-1
478.921	849.741	1.86121	0.0799194	2556415	207.9	-1
478.832	659.746	2.54324	0.0618782	8454911	202.904	-1
478.681	618.273	2.71015	0.0632314	13042431	359.356	-1
478.677	778.332	32.221	0.0470512	8257795	217.675	-1
240.434	931.476	1.89011	0.0577061	3670527	181.577	-1
478.677	778.332	32.221	0.0470512	8257795	11.5471	-1
536.034	906.704	2.45565	0.0720508	5899007	99.1373	-1
536.034	906.704	2.45565	0.0720508	5899007	207.851	-1
478.306	797.925	9.80208	0.0489543	5767681	23.6392	-1
478.252	908.392	1.9336	0.0627744	5374463	341.057	-1
475.89	862.907	1.83598	0.0539221	1573375	180.233	-1
475.711	657.17	3.09284	0.0533322	5899263	208.434	-1
475.603	820.077	2.11809	0.0694886	11928063	120.964	-1
242.584	245.621	1.89164	0.0508815	3736063	18.179	-1
242.584	245.621	1.89164	0.0508815	3736063	157.655	-1
475.265	606.668	2.76475	0.0764159	14484223	355.495	-1
475.265	606.668	2.76475	0.0764159	14484223	186.63	-1
474.948	560.957	2.73933	0.0470466	13828863	96.6979	-1
474.292	619.229	4.00119	0.0671588	7799040	144.083	-1
473.324	904.974	2.07853	0.0584986	10551807	205.449	-1
472.681	653.894	1.83896	0.0750449	1704447	311.829	-1
472.681	653.894	1.83896	0.0750449	1704447	120.336	-1
471.731	413.027	16.2142	0.0592179	8716546	190.951	-1
471.731	413.027	16.2142	0.0592179	8716546	4.95285	-1
471.523	871.987	1.91499	0.0619691	4653567	351.094	-1
471.523	871.987	1.91499	0.0619691	4653567	205.092	-1
471.489	641.471	2.08576	0.0513606	10813951	355.843	-1
471.489	641.471	2.08576	0.0513606	10813951	276.988	-1
470.953	813.177	2.03663	0.0593989	9110015	180.146	-1
578.037	466.965	3.87443	0.0518997	5505280	285.056	-1
470.154	490.784	32.9113	0.0533944	9830659	191.009	-1
470.154	490.784	32.9113	0.0533944	9830659	11.987	-1
578.037	466.965	3.87443	0.0518997	5505280	214.372	-1
469.91	613.579	1.8992	0.068798	4063743	329.357	-1
469.91	613.579	1.8992	0.068798	4063743	148.729	-1
469.141	654.791	2.07233	0.0792887	10355199	292.403	-1
469.038	643.789	2.23107	0.0681083	15663615	93.1873	-1
468.854	634.655	1.89267	0.0782959	3801599	357.118	-1
577.84	466.549	3.34425	0.0526807	11535359	286.208	-1
468.704	657.462	1.85965	0.0666045	2490879	110.486	-1
467.709	812.839	2.71475	0.0519124	13173503	180.018	-1
467.709	812.839	2.71475	0.0519124	13173503	1.77951	-1
467.456	803.957	6.03065	0.0605697	4064000	162.574	-1
466.66	862.932	2.41375	0.0790705	4653823	355.209	-1
466.66	862.932	2.41375	0.0790705	4653823	139.866	-1
465.673	636.671	2.42687	0.0528079	5047039	180.745	-1
465.657	655.434	1.84361	0.066802	1901055	142.309	-1
465.419	641.242	2.63546	0.0533669	11010815	180.274	-1
248.656	528.216	27.4551	0.0508929	13435650	157.48	-1
577.84	466.549	3.34425	0.0526807	11535359	214.152	-1
465.394	607.944	4.02988	0.0672459	8323328	316.545	-1
465.394	607.944	4.02988	0.0672459	8323328	181.999	-1
538.32	885.638	4.15329	0.0568933	10486016	86.8227	-1
464.614	620.775	2.52092	0.0798136	7799551	6.73489	-1
464.58	400.949	3.08245	0.0478605	5637119	198.811	-1
464.138	810.249	2.00207	0.0814037	7864831	355.087	-1
464.138	810.249	2.00207	0.0814037	7864831	213.072	-1
463.979	658.135	2.37434	0.0632172	3474175	1.80423	-1
463.6	644.051	1.88228	0.0791383	3408383	276.246	-1
251.494	504.405	9.56336	0.0694266	3998209	171.917	-1
251.494	504.405	9.56336	0.0694266	3998209	331.498	-1
463.6	644.051	1.88228	0.0791383	3408383	86.4175	-1
539.388	904.516	2.0136	0.0880074	8258047	190.687	-1
539.638	886.973	2.05146	0.0645415	9634303	109.156	-1
461.299	618.317	2.49546	0.0607647	7078655	179.161	-1
461.069	381.482	4.75575	0.0562802	3604992	13.6011	-1
461.035	653.015	1.871	0.0818701	2949631	348.126	-1
461.035	653.015	1.871	0.0818701	2949631	187.785	-1
460.992	799.148	4.81872	0.052469	4522496	63.8732	-1
460.913	662.073	1.97555	0.0776006	6881791	175.683	-1
254.333	867.604	9.69055	0.0672169	4915713	208.103	-1
460.913	662.073	1.97555	0.0776006	6881791	4.73941	-1
460.858	812.777	6.15687	0.0482643	5571328	90.1199	-1
460.368	782.347	10.0632	0.0548231	7668225	218.807	-1
255.299	582.467	2.12076	0.0544477	11993599	72.5603	-1
460.175	377.213	2.41273	0.0560327	4653823	13.2711	-1
255.906	580.923	4.24432	0.0516986	12058880	74.2273	-1
255.906	580.923	4.24432	0.0516986	12058880	152.221	-1
460.068	641.362	2.12157	0.077927	12059135	275.887	-1
460.068	641.362	2.12157	0.077927	12059135	85.8306	-1
459.998	636.359	1.87368	0.0780733	3080703	275.858	-1
459.998	636.359	1.87368	0.0780733	3080703	82.3999	-1
539.638	886.973	2.05146	0.0645415	9634303	343.508	-1
459.061	810.014	1.93659	0.0777246	5439999	339.266	-1
459.061	810.014	1.93659	0.0777246	5439999	271.53	-1
459.061	810.014	1.93659	0.0777246	5439999	227.863	-1
458.525	620.902	2.39512	0.0683786	4129535	348.661	-1
458.525	620.902	2.39512	0.0683786	4129535	138.566	-1
457.947	841.587	3.26331	0.04712	9765887	178.632	-1
457.947	841.587	3.26331	0.04712	9765887	18.4486	-1
539.954	839.848	1.8948	0.0854474	3867135	354.462	-1
457.816	861.841	4.77024	0.0585645	3801600	266.691	-1
259.82	569.01	17.3514	0.0710672	13631746	152.472	-1
259.82	569.01	17.3514	0.0710672	13631746	346.835	-1
576.631	863.579	1.97052	0.0517978	6685183	227.721	-1
457.43	638.72	2.73126	0.0499416	13632255	180.157	-1
457.409	634.405	2.26535	0.0613119	66303	272.669	-1
260.203	536.135	3.33205	0.0543356	11273215	65.9596	-1
260.203	536.135	3.33205	0.0543356	11273215	343.546	-1
576.631	863.579	1.97052	0.0517978	6685183	59.1312	-1
457.409	634.405	2.26535	0.0613119	66303	183.83	-1
457.364	643.436	2.35327	0.0643502	2818815	92.819	-1
540.499	863.349	2.31914	0.0603561	1770239	78.537	-1
456.881	863.919	2.373	0.061472	3474175	176.467	-1
456.881	863.919	2.373	0.061472	3474175	56.5383	-1
456.329	792.147	4.10651	0.0549559	9699584	131.71	-1
456.104	653.662	1.99426	0.0668587	7602687	303.024	-1
455.873	428.636	3.23101	0.0532189	9044991	184.278	-1
454.518	557.431	2.25144	0.0486977	16318975	98.6161	-1
454.518	557.431	2.25144	0.0486977	16318975	12.0779	-1
540.499	863.349	2.31914	0.0603561	1770239	277.849	-1
454.022	838.471	2.37946	0.0697412	3670783	274.685	-1
453.935	404.478	2.14315	0.0480056	12780031	11.005	-1
453.883	641.982	2.21133	0.0498486	15073791	328.546	-1
453.883	641.982	2.21133	0.0498486	15073791	179.75	-1
453.122	655.326	2.29038	0.0836797	852735	316.489	-1
264.005	538.088	7.90909	0.0501577	6947073	56.3229	-1
264.005	538.088	7.90909	0.0501577	6947073	343.645	-1
453.122	655.326	2.29038	0.0836797	852735	292.481	-1
453.122	655.326	2.29038	0.0836797	852735	67.468	-1
452.827	638.411	3.68691	0.0528187	1900800	181.528	-1
264.871	208.453	4.75707	0.0515043	3604992	10.1286	-1
264.871	208.453	4.75707	0.0515043	3604992	259.01	-1
264.871	208.453	4.75707	0.0515043	3604992	303.505	-1
264.871	208.453	4.75707	0.0515043	3604992	343.14	-1
452.816	613.979	2.39641	0.0746074	4129535	164.376	-1
452.816	613.979	2.39641	0.0746074	4129535	15.6651	-1
452.799	607.153	4.01098	0.0601967	7995648	333.32	-1
266.279	932.643	3.2108	0.0567906	8586239	88.4752	-1
452.799	607.153	4.01098	0.0601967	7995648	204.198	-1
452.678	660.635	2.0681	0.0493427	10224127	73.7076	-1
452.678	660.635	2.0681	0.0493427	10224127	8.70868	-1
452.536	812.56	2.47065	0.075792	6357759	288.802	-1
452.536	812.56	2.47065	0.075792	6357759	271.66	-1
452.536	812.56	2.47065	0.075792	6357759	244.897	-1
452.536	812.56	2.47065	0.075792	6357759	179.587	-1
452.536	812.56	2.47065	0.075792	6357759	141.013	-1
452.536	812.56	2.47065	0.075792	6357759	7.46631	-1
268.884	514.179	16.2311	0.0506795	8847618	39.2018	-1
452.227	617.398	2.0008	0.0506875	7799295	89.0466	-1
451.469	643.527	2.0832	0.0644979	10748415	330.041	-1
451.372	579.476	3.0717	0.0649737	5374975	281.519	-1
451.372	579.476	3.0717	0.0649737	5374975	77.0098	-1
451.183	634.022	1.96269	0.0689018	6423039	231.385	-1
451.183	634.022	1.96269	0.0689018	6423039	42.5181	-1
450.3	403.566	6.79234	0.0643118	12649216	148.266	-1
449.949	658.508	3.36268	0.051973	11928575	179.446	-1
449.871	652.905	2.61248	0.0567745	10420991	269.42	-1
449.871	652.905	2.61248	0.0567745	10420991	185.875	-1
449.8	612.282	2.36289	0.0537009	3146495	200.038	-1
449.701	641.25	2.00201	0.0638928	7864831	326.543	-1
570.672	813.19	1.88264	0.0717319	3408383	228.487	-1
570.672	813.19	1.88264	0.0717319	3408383	8.35162	-1
449.701	641.25	2.00201	0.0638928	7864831	141.363	-1
272.431	575.885	2.02099	0.0623564	8520191	66.2719	-1
272.431	575.885	2.02099	0.0623564	8520191	339.846	-1
449.509	661.936	2.19872	0.0665422	14615039	177.425	-1
449.509	661.936	2.19872	0.0665422	14615039	9.93347	-1
449.022	616.78	3.79158	0.0507107	3932416	200.58	-1
448.567	799.687	3.3811	0.0514466	12321791	243.684	-1
568.743	902.926	3.00243	0.0728399	3736575	357.401	-1
274.34	932.962	4.31098	0.050836	13172992	91.1814	-1
568.588	909.467	3.13671	0.0604058	6882303	1.9147	-1
448.183	576.026	1.92202	0.0542004	4915711	346.778	-1
448.183	576.026	1.92202	0.0542004	4915711	274.086	-1
568.35	913.915	2.03094	0.0646188	8913407	46.6227	-1
448.123	583.216	2.44983	0.0504947	5767935	81.3087	-1
448.123	583.216	2.44983	0.0504947	5767935	22.0774	-1
540.499	863.349	2.31914	0.0603561	1770239	352.227	-1
540.579	904.549	7.70221	0.0481798	5046529	222.065	-1
446.954	641.67	1.82745	0.0649092	1245695	139.509	-1
446.741	620.681	2.29063	0.0713092	918271	197.218	-1
541.079	368.132	2.08761	0.0473021	10879487	24.8035	-1
275.559	450.258	20.2705	0.0572337	8192514	329.004	-1
446.112	840.344	4.54608	0.0588169	328192	263.921	-1
276.166	798.654	7.99722	0.0556866	7733505	78.9086	-1
276.423	921.388	2.13198	0.0517723	12386815	162.584	-1
446.112	840.344	4.54608	0.0588169	328192	187.756	-1
565.953	813.838	1.81077	0.0792469	590335	183.691	-1
446.112	840.344	4.54608	0.0588169	328192	72.5695	-1
445.065	842.325	2.33912	0.0626228	2425599	177.983	-1
444.885	579.397	6.98767	0.058565	14680832	252.395	-1
444.885	579.397	6.98767	0.058565	14680832	47.9122	-1
444.417	643.438	1.97344	0.0722285	6816255	176.004	-1
444.417	643.438	1.97344	0.0722285	6816255	12.8394	-1
444.366	634.23	1.9652	0.0732496	6488575	342.979	-1
444.366	634.23	1.9652	0.0732496	6488575	187.232	-1
280.954	912.684	3.83749	0.0508526	4784384	184.928	-1
444.36	574.912	2.66575	0.0673943	11862783	332.007	-1
444.36	574.912	2.66575	0.0673943	11862783	268.332	-1
444.36	574.912	2.66575	0.0673943	11862783	199.136	-1
444.224	618.099	2.58119	0.0571498	9503487	359.933	-1
444.224	618.099	2.58119	0.0571498	9503487	199.741	-1
541.175	533.924	27.8679	0.0600892	14484226	30.0076	-1
282.362	919.931	5.30536	0.054408	11469312	99.5311	-1
282.362	919.931	5.30536	0.054408	11469312	189.216	-1
282.652	540.337	24.9431	0.0559581	6488834	27.8041	-1
282.652	540.337	24.9431	0.0559581	6488834	145.334	-1
541.175	533.924	27.8679	0.0600892	14484226	192.55	-1
565.038	913.031	1.91116	0.0822466	4522495	84.8078	-1
283.242	311.797	12.7804	0.0518172	8258305	166.709	-1
564.941	906.093	3.2949	0.0866315	10486783	356.982	-1
541.555	876.623	1.83002	0.0619451	1376767	121.454	-1
284.596	786.617	3.13233	0.0557293	6816767	139.431	-1
442.361	294.055	13.7577	0.0478887	13566721	355.845	-1
442.361	294.055	13.7577	0.0478887	13566721	212.378	-1
541.629	452.026	2.5561	0.0554569	8848127	200.07	-1
541.629	452.026	2.5561	0.0554569	8848127	285.567	-1
285.659	923.422	1.81236	0.0477219	655871	109.285	-1
541.8	898.905	3.21568	0.0789454	8717311	218.327	-1
541.8	898.905	3.21568	0.0789454	8717311	353.366	-1
440.787	606.46	2.70686	0.0841813	12976895	356.91	-1
564.941	906.093	3.2949	0.0866315	10486783	205.568	-1
285.973	651.833	2.03929	0.0806474	9175551	287.138	-1
440.787	606.46	2.70686	0.0841813	12976895	183.621	-1
542.225	453.249	4.0426	0.0539696	8519936	199.108	-1
440.453	662.041	1.85361	0.0751706	2294271	345.96	-1
564.941	906.093	3.2949	0.0866315	10486783	153.921	-1
286.756	654.732	1.85079	0.0660499	2163199	287.307	-1
440.453	662.041	1.85361	0.0751706	2294271	137.719	-1
440.347	575.917	2.66705	0.0594559	11862783	266.935	-1
440.347	575.917	2.66705	0.0594559	11862783	199.189	-1
440.08	619.786	3.24725	0.0691838	9438207	145.98	-1
440.071	402.593	6.11757	0.0579321	5112576	148.336	-1
288.259	933.005	4.47402	0.0503391	15859968	89.9073	-1
288.802	441.651	6.09629	0.0543157	4850432	200.196	-1
440.071	402.593	6.11757	0.0579321	5112576	12.9511	-1
440.017	804.962	2.58867	0.0519675	9765631	238.279	-1
439.574	590.143	3.20328	0.0806093	8455167	217.341	-1
439.283	399.872	4.3125	0.0588247	13238528	12.3113	-1
439.235	433.045	23.7533	0.0533421	2949890	185.05	-1
439.024	584.16	3.4083	0.0734148	12911615	212.541	-1
291.282	440.929	3.47308	0.0541005	14287871	206.36	-1
439.024	584.16	3.4083	0.0734148	12911615	91.5934	-1
438.937	551.886	6.57859	0.0499406	10355456	186.073	-1
542.225	453.249	4.0426	0.0539696	8519936	284.499	-1
542.294	910.321	1.92665	0.0783793	5112319	28.609	-1
292.714	654.5	2.96151	0.0527634	2753535	206.953	-1
542.443	531.302	28.739	0.0592572	259	29.2715	-1
436.85	579.882	3.16923	0.0717817	7668735	92.3091	-1
542.953	830.866	2.04241	0.0586655	9306623	180.696	-1
436.405	652.722	2.52358	0.0759364	7865087	333.034	-1
436.405	652.722	2.52358	0.0759364	7865087	215.419	-1
436.374	657.364	1.81776	0.0903443	852479	343.252	-1
436.374	657.364	1.81776	0.0903443	852479	183.638	-1
436.199	553.958	2.15637	0.0556935	13238783	187.956	-1
435.226	662.011	1.88748	0.0533679	3604991	51.2056	-1
435.22	612.604	1.80309	0.0762015	262655	329.2	-1
435.22	612.604	1.80309	0.0762015	262655	148.271	-1
435.009	638.606	3.96477	0.0736773	7143680	348.065	-1
435.009	638.606	3.96477	0.0736773	7143680	173.953	-1
433.587	615.436	2.33206	0.0683924	2163455	2.34143	-1
295.672	657.399	2.48355	0.062693	6750975	201.102	-1
432.72	788.414	2.16252	0.0592752	13435391	93.886	-1
432.555	643.432	2.06103	0.0687552	9961983	94.7865	-1
432.282	419.967	3.42153	0.0598708	13173759	11.3802	-1
431.994	418.942	4.10538	0.0596244	9634048	144.823	-1
562.232	909.912	2.08726	0.0673244	10879487	138.688	-1
431.994	418.942	4.10538	0.0596244	9634048	11.9191	-1
431.204	635.106	2.09614	0.0644543	11207167	221.837	-1
431.204	635.106	2.09614	0.0644543	11207167	23.8533	-1
431.012	607.677	4.12527	0.069965	10027264	327.216	-1
297.69	606.107	2.69864	0.0649971	12714751	213.153	-1
430.247	411.677	8.78673	0.0569194	14549249	151.14	-1
430.247	411.677	8.78673	0.0569194	14549249	13.5858	-1
430.19	620.084	2.71621	0.072856	13239039	3.4682	-1
561.427	914.463	1.90373	0.0832467	4194815	119.506	-1
430.022	813.492	2.08346	0.056483	10748415	223.436	-1
298.483	650.601	2.57491	0.0776524	9372415	208.909	-1
298.483	650.601	2.57491	0.0776524	9372415	335.777	-1
544.697	850.92	1.89922	0.0745254	4063743	155.611	-1
298.514	654.896	1.82024	0.0849925	983551	197.144	-1
298.561	617.33	2.77124	0.0659889	14680831	136.054	-1
298.803	631.812	2.33578	0.0658642	2294527	186.135	-1
298.803	631.812	2.33578	0.0658642	2294527	267.091	-1
298.806	636.383	2.51265	0.0581615	7602943	179.939	-1
298.81	641.253	2.19427	0.0696682	14483967	93.2958	-1
429.192	579.271	3.07723	0.0628049	5506047	281.408	-1
429.192	579.271	3.07723	0.0628049	5506047	77.9437	-1
544.697	850.92	1.89922	0.0745254	4063743	241.357	-1
427.251	469.414	2.10116	0.0636032	11338239	84.4657	-1
299.386	933.02	4.68288	0.0524667	2490880	90.1306	-1
299.672	435.105	1.79653	0.062159	511	28.0917	-1
299.672	435.105	1.79653	0.062159	511	245.895	-1
299.692	659.839	1.8008	0.0469849	197119	102.388	-1
299.692	659.839	1.8008	0.0469849	197119	129.002	-1
427.251	469.414	2.10116	0.0636032	11338239	4.00403	-1
427.061	512.969	2.49901	0.0591609	7209727	356.768	-1
301.156	657.106	2.72439	0.0596297	13435647	339.768	-1
427.061	512.969	2.49901	0.0591609	7209727	274.259	-1
301.711	633.829	2.09718	0.0803773	11207167	272.199	-1
426.931	619.145	2.02721	0.0549232	8782335	179.08	-1
544.697	850.92	1.89922	0.0745254	4063743	357.76	-1
302.16	638.897	2.4234	0.082642	4981503	89.7506	-1
302.32	607.021	3.10553	0.0493192	6161407	118.939	-1
302.444	615.324	3.08545	0.0499504	5702655	241.217	-1
302.444	615.324	3.08545	0.0499504	5702655	285.196	-1
559.525	911.177	2.10634	0.0566292	11534847	141.509	-1
425.791	265.301	11.83	0.0533195	2687745	353.678	-1
425.704	582.986	2.37035	0.0480478	3343103	23.2119	-1
425.63	635.076	1.96643	0.071915	6554111	311.807	-1
425.63	635.076	1.96643	0.071915	6554111	124.657	-1
425.521	641.904	1.9469	0.0710654	5833215	234.565	-1
425.521	641.904	1.9469	0.0710654	5833215	44.1845	-1
545.395	909.847	1.91304	0.0631042	4588031	29.6265	-1
558.76	810.339	2.22946	0.0769399	15663615	358.503	-1
423.919	620.239	2.38287	0.0710531	3736319	342.909	-1
423.919	620.239	2.38287	0.0710531	3736319	140.226	-1
423.793	654.064	1.91505	0.0770967	4653567	290.913	-1
423.609	782.251	2.26519	0.0689436	66303	55.4891	-1
304.406	932.084	1.82156	0.0616321	1049087	193.821	-1
304.406	932.084	1.82156	0.0616321	1049087	336.026	-1
304.5	656.843	2.31707	0.0600846	1704703	181.721	-1
304.5	656.843	2.31707	0.0600846	1704703	339.739	-1
546.862	830.981	1.88767	0.0614694	3604991	359.162	-1
304.778	446.939	20.5215	0.0483688	9044482	187.072	-1
305.022	245.084	1.82241	0.0539201	1049087	85.14	-1
305.022	245.084	1.82241	0.0539201	1049087	274.133	-1
422.178	638.409	3.88794	0.0505528	5701888	260.37	-1
557.778	905.056	2.12968	0.0583754	12321279	188.154	-1
422.178	638.409	3.88794	0.0505528	5701888	98.0465	-1
557.778	905.056	2.12968	0.0583754	12321279	39.3202	-1
422.026	616.629	3.70566	0.049553	2228480	338.302	-1
422.026	616.629	3.70566	0.049553	2228480	116.448	-1
421.998	574.698	2.88234	0.0634511	787455	212.363	-1
421.976	579.407	7.6194	0.0596364	4260097	250.97	-1
421.976	579.407	7.6194	0.0596364	4260097	47.3064	-1
421.802	641.434	1.98389	0.0523244	7209471	269.945	-1
307.419	650.593	2.05526	0.0768711	9765375	182.563	-1
307.419	650.593	2.05526	0.0768711	9765375	355.332	-1
421.802	641.434	1.98389	0.0523244	7209471	235.908	-1
307.815	606.575	2.41377	0.0786183	4653823	126.307	-1
307.815	606.575	2.41377	0.0786183	4653823	321.981	-1
307.881	659.676	2.3657	0.0666553	3212031	97.9776	-1
307.893	615.744	2.39138	0.0794969	3998463	229.824	-1
308.042	636.222	2.23613	0.0691101	15860223	179.939	-1
421.545	636.155	2.49818	0.047616	7144191	115.173	-1
421.545	636.155	2.49818	0.047616	7144191	37.1956	-1
421.541	491.689	31.8646	0.0605859	7471363	190.819	-1
308.575	423.981	14.0902	0.0532223	15270657	272.334	-1
421.363	612.033	2.32721	0.0538874	2032383	340.108	-1
420.477	654.77	2.21236	0.0544552	15073791	151.275	-1
420.02	619.642	2.07978	0.0480948	10617343	96.5991	-1
547.241	904.673	3.81263	0.0577148	4325632	346.54	-1
418.731	459.552	15.0278	0.0691909	3277058	351.087	-1
418.424	613.695	2.37761	0.0768154	3605247	163.21	-1
309.903	657.625	1.91874	0.051557	4784639	281.41	-1
309.903	657.625	1.91874	0.051557	4784639	355.226	-1
309.996	611.079	3.57043	0.0505894	16253951	180.438	-1
418.424	613.695	2.37761	0.0768154	3605247	11.5044	-1
418.422	606.746	4.02704	0.0623242	8257792	336.714	-1
418.422	606.746	4.02704	0.0623242	8257792	205.301	-1
310.276	295.778	12.3754	0.0532513	5899009	327.529	-1
418.385	575.864	2.08896	0.0567628	10945023	264.27	-1
310.529	754.332	9.596	0.0472862	4260353	59.4847	-1
310.529	754.332	9.596	0.0472862	4260353	239.998	-1
418.385	575.864	2.08896	0.0567628	10945023	188.183	-1
310.907	641.385	1.89225	0.078932	3801599	11.2256	-1
310.907	641.385	1.89225	0.078932	3801599	173.089	-1
310.924	616.663	2.09999	0.0551283	11338239	178.775	-1
310.934	605.491	2.16658	0.052296	13566463	181.684	-1
310.935	632.155	1.91939	0.0810405	4784639	186.643	-1
310.935	632.155	1.91939	0.0810405	4784639	351.5	-1
418.206	616.942	1.90714	0.0502768	4325887	89.7438	-1
418.15	657.422	2.87979	0.0529312	721919	339.236	-1
418.146	520.644	13.782	0.0665785	13697793	203.083	-1
556.811	906.909	2.99065	0.063063	3474431	177.718	-1
418.115	635.627	2.08619	0.0630578	10813951	207.286	-1
556.811	906.909	2.99065	0.063063	3474431	46.6084	-1
417.598	831.665	5.08589	0.0486304	8454656	230.947	-1
417.598	831.665	5.08589	0.0486304	8454656	35.7278	-1
417.249	589.788	3.38995	0.070853	12518399	216.779	-1
556.649	813.108	2.10677	0.0651068	11534847	5.5647	-1
416.976	583.631	3.03788	0.0610933	4588543	210.43	-1
313.924	637.465	2.40978	0.0615631	4522751	0.206543	-1
314.162	618.344	2.60269	0.0809283	10093311	5.39789	-1
314.162	618.344	2.60269	0.0809283	10093311	173.028	-1
314.227	604.422	2.68582	0.0777719	12387071	184.929	-1
314.227	604.422	2.68582	0.0777719	12387071	351.902	-1
416.976	583.631	3.03788	0.0610933	4588543	105.554	-1
556.605	459.901	5.24362	0.0490473	10682880	6.6821	-1
315.068	610.506	4.00853	0.0567402	7930112	179.851	-1
547.373	464.404	15.4353	0.0715406	5177602	197.046	-1
415.306	611.923	2.50658	0.0496529	7406335	199.995	-1
315.918	466.884	13.2952	0.0620032	11076353	1.84845	-1
315.918	466.884	13.2952	0.0620032	11076353	158.941	-1
315.958	635.309	2.00789	0.0609775	8061439	128.721	-1
415.168	380.126	7.76936	0.0505938	5636353	144.624	-1
415.168	380.126	7.76936	0.0505938	5636353	14.3378	-1
316.909	932.73	1.90335	0.0596775	4194815	269.448	-1
414.506	616.294	3.76727	0.0492765	3473664	200.875	-1
414.384	579.56	3.14067	0.0813545	7013375	258.078	-1
414.384	579.56	3.14067	0.0813545	7013375	105.45	-1
413.256	585.062	5.07007	0.0536043	8192512	348.553	-1
413.256	585.062	5.07007	0.0536043	8192512	197.293	-1
317.454	607.482	2.34688	0.0547198	2622207	283.64	-1
317.454	607.482	2.34688	0.0547198	2622207	351.046	-1
413.256	585.062	5.07007	0.0536043	8192512	141.695	-1
412.358	620.1	2.42674	0.068955	5047039	198.212	-1
317.501	613.675	2.33945	0.0568715	2425599	6.33795	-1
317.501	613.675	2.33945	0.0568715	2425599	82.9987	-1
412.358	620.1	2.42674	0.068955	5047039	42.0638	-1
318.043	651.014	2.19474	0.0764454	14483967	183.362	-1
318.043	651.014	2.19474	0.0764454	14483967	356.908	-1
411.961	652.544	2.71538	0.0685366	13173503	204.508	-1
410.663	839.557	7.72578	0.0639678	5243137	215.265	-1
318.737	659.32	1.98429	0.0640735	7209471	131.476	-1
410.663	839.557	7.72578	0.0639678	5243137	29.5128	-1
318.96	633.892	2.01953	0.0833627	8454655	289.161	-1
319.157	636.7	1.80926	0.0680679	524799	110.574	-1
319.157	636.7	1.80926	0.0680679	524799	289.701	-1
319.466	615.136	4.09565	0.0621772	9502976	21.0086	-1
319.466	615.136	4.09565	0.0621772	9502976	159.75	-1
319.552	606.393	3.93694	0.0589068	6619392	211.855	-1
319.552	606.393	3.93694	0.0589068	6619392	329.083	-1
410.096	612.972	4.0334	0.0496205	8388864	351.906	-1
410.096	612.972	4.0334	0.0496205	8388864	201.674	-1
409.923	617.352	2.47542	0.0514802	6488831	200.113	-1
409.75	468.862	3.26092	0.0496528	9700351	175.372	-1
409.75	468.862	3.26092	0.0496528	9700351	87.4659	-1
409.13	579.848	3.82781	0.0505795	4587776	342.619	-1
407.913	661.512	1.82353	0.0748152	1114623	196.641	-1
407.913	661.512	1.82353	0.0748152	1114623	47.8899	-1
407.773	643.088	2.1171	0.0735606	11928063	329.972	-1
407.2	633.439	2.02569	0.0700001	8716799	231.839	-1
321.405	607.574	2.31995	0.0578961	1835775	189.665	-1
407.2	633.439	2.02569	0.0700001	8716799	42.3792	-1
321.785	656.94	2.91296	0.0673309	1573887	187.707	-1
321.785	656.94	2.91296	0.0673309	1573887	355.002	-1
406.864	587.631	3.42564	0.0822264	13304831	343.229	-1
322.384	632.84	1.90132	0.0815697	4129279	119.843	-1
322.384	632.84	1.90132	0.0815697	4129279	309.336	-1
406.864	587.631	3.42564	0.0822264	13304831	156.783	-1
406.822	637.265	1.89814	0.0520228	3998207	322.684	-1
406.822	637.265	1.89814	0.0520228	3998207	37.1129	-1
406.522	932.758	3.85544	0.0636106	5112064	80.8533	-1
322.891	245.085	1.82127	0.0543149	983551	87.8144	-1
324.012	933.605	3.27887	0.0606896	10093567	86.4948	-1
324.017	414.87	8.73803	0.0591807	14156033	121.296	-1
324.017	414.87	8.73803	0.0591807	14156033	348.741	-1
406.452	617.227	2.6106	0.0627559	10355455	353.39	-1
324.675	618.304	2.72413	0.0814466	13435647	6.13055	-1
324.675	618.304	2.72413	0.0814466	13435647	174.967	-1
324.708	604.558	2.64135	0.079319	11207423	189.957	-1
324.708	604.558	2.64135	0.079319	11207423	354.127	-1
324.712	635.978	2.4729	0.0633767	6423295	183.004	-1
405.938	269.91	3.05894	0.050529	5112831	347.202	-1
405.806	850.671	6.72906	0.0641962	11993856	197.963	-1
405.806	850.671	6.72906	0.0641962	11993856	26.3068	-1
405.785	657.471	3.01091	0.0599666	3933183	201.944	-1
405.581	660.13	1.915	0.0589574	4653567	351.107	-1
325.448	650.975	1.96806	0.0780733	6619647	183.537	-1
405.581	660.13	1.915	0.0589574	4653567	199.594	-1
404.874	270.972	5.03123	0.0485973	7668224	348.349	-1
404.874	270.972	5.03123	0.0485973	7668224	279.727	-1
556.146	816.261	2.49008	0.0477988	6947583	20.4573	-1
327.672	632.433	1.92248	0.075588	4915711	185.833	-1
327.745	641.485	1.87627	0.081519	3146239	14.3346	-1
327.745	641.485	1.87627	0.081519	3146239	168.316	-1
327.867	885.923	2.83549	0.0622851	16319231	26.5344	-1
404.873	934.322	1.98448	0.0585191	7209471	83.9859	-1
404.79	383.824	8.05168	0.058972	8257793	137.868	-1
404.79	383.824	8.05168	0.058972	8257793	14.0572	-1
404.278	440.446	24.2451	0.0595462	4391682	271.153	-1
548.827	900.357	2.25957	0.0849985	16581119	40.3522	-1
403.6	389.327	2.1233	0.0528003	12124671	140.608	-1
403.345	641.436	2.08487	0.0595512	10813951	145.442	-1
329.087	529.889	11.8769	0.0731984	2949889	179.331	-1
329.087	529.889	11.8769	0.0731984	2949889	333.96	-1
403.345	641.436	2.08487	0.0595512	10813951	9.43018	-1
402.784	577.585	3.14052	0.065167	7013375	160.745	-1
329.534	654.198	3.23995	0.0585426	9241599	6.0329	-1
329.534	654.198	3.23995	0.0585426	9241599	176.017	-1
549.228	909.852	2.79132	0.0740702	15205119	93.2972	-1
329.645	636.565	4.70064	0.0510581	2753024	83.8778	-1
329.878	581.29	2.59569	0.0817372	9962239	94.4919	-1
400.938	608.738	3.10003	0.0888416	6030335	273.161	-1
400.805	616.105	3.34255	0.0813775	11535359	92.7629	-1
329.896	878.781	6.31105	0.0711764	7340800	26.5552	-1
329.896	878.781	6.31105	0.0711764	7340800	209.595	-1
330.398	640.069	1.98225	0.0664898	7143935	137.166	-1
400.693	633.348	1.8235	0.072453	1114623	349.304	-1
400.693	633.348	1.8235	0.072453	1114623	188.245	-1
400.623	862.738	5.86257	0.0628613	2032384	209.444	-1
331.563	403.664	8.1079	0.0518918	8782081	346.563	-1
400.623	862.738	5.86257	0.0628613	2032384	28.8036	-1
333.14	584.552	2.51007	0.0719101	7471871	94.2416	-1
333.14	584.552	2.51007	0.0719101	7471871	227.391	-1
333.162	865.899	5.012	0.0717922	7406080	41.8101	-1
333.162	865.899	5.012	0.0717922	7406080	236.69	-1
333.168	741.898	8.38843	0.0588957	11206913	57.2892	-1
333.168	741.898	8.38843	0.0588957	11206913	260.954	-1
400.587	642.944	1.92865	0.0744199	5177855	173.696	-1
333.384	659.859	2.1696	0.0809054	13697535	3.004	-1
333.384	659.859	2.1696	0.0809054	13697535	176.354	-1
333.467	651.244	3.33343	0.061126	11338751	270.648	-1
333.689	588.605	3.11278	0.0742424	6358015	64.0551	-1
333.689	588.605	3.11278	0.0742424	6358015	214.989	-1
400.587	642.944	1.92865	0.0744199	5177855	9.5658	-1
333.871	636.161	2.00032	0.049322	7799295	39.6317	-1
333.871	636.161	2.00032	0.049322	7799295	329.52	-1
400.584	612.423	2.00645	0.0676923	7995903	269.648	-1
334.201	632.345	1.89009	0.074818	3670527	43.718	-1
334.201	632.345	1.89009	0.074818	3670527	233.545	-1
400.584	612.423	2.00645	0.0676923	7995903	90.869	-1
400.548	274.391	10.6797	0.047203	11993601	186.434	-1
399.632	457.087	10.5434	0.071468	11010561	162.095	-1
334.841	641.767	2.05731	0.0798265	9830911	134.51	-1
334.841	641.767	2.05731	0.0798265	9830911	325.671	-1
399.632	457.087	10.5434	0.071468	11010561	12.6234	-1
399.473	526.729	10.6486	0.0706776	11731457	347.114	-1
335.435	619.321	2.56014	0.0692746	8913663	101.242	-1
336.03	653.165	1.9161	0.0503542	4653567	7.59247	-1
336.03	653.165	1.9161	0.0503542	4653567	68.3376	-1
336.091	636.562	3.619	0.057268	524544	345.144	-1
399.473	526.729	10.6486	0.0706776	11731457	195.866	-1
336.924	579.566	9.85577	0.0693083	6160897	64.0348	-1
336.924	579.566	9.85577	0.0693083	6160897	173.61	-1
337.309	639.748	2.47528	0.0514317	6488831	177.084	-1
399.336	654.248	2.3057	0.0824831	1377023	266.609	-1
399.336	654.248	2.3057	0.0824831	1377023	112.251	-1
399.21	580.095	3.03861	0.0586579	4588543	18.1271	-1
399.081	659.634	2.33884	0.0674468	2425599	156.445	-1
399.081	659.634	2.33884	0.0674468	2425599	20.597	-1
339.314	306.749	9.11548	0.0501549	524801	278.44	-1
339.314	306.749	9.11548	0.0501549	524801	331.68	-1
396.845	612.357	3.76226	0.0561174	3342592	180.32	-1
339.469	619.292	2.54261	0.0721669	8454911	78.2795	-1
396.795	403.393	266.502	0.0598139	10682630	173.486	-1
396.582	605.829	3.23414	0.0714228	9110527	183.734	-1
396.48	619.288	3.29002	0.0694515	10355711	175.97	-1
555.819	910.564	2.04953	0.0839716	9568767	273.455	-1
396.101	657.109	2.82269	0.053849	15991551	179.838	-1
396.073	652.072	2.37637	0.0622269	3539711	264.023	-1
396.073	652.072	2.37637	0.0622269	3539711	183.702	-1
395.711	661.07	2.20939	0.0694578	15008255	177.164	-1
340.397	632.546	1.9682	0.0800872	6619647	356.52	-1
395.671	577.139	2.94492	0.077711	2360319	202.792	-1
395.565	633.543	1.94721	0.0681135	5833215	356.745	-1
395.565	633.543	1.94721	0.0681135	5833215	179.249	-1
555.819	910.564	2.04953	0.0839716	9568767	86.3125	-1
555.646	876.022	2.03654	0.0651108	9110015	341.061	-1
341.487	584.322	2.40434	0.0519801	4391679	27.2064	-1
341.487	584.322	2.40434	0.0519801	4391679	80.5979	-1
341.502	303.429	4.55535	0.0488419	459264	333.592	-1
395.478	642.856	1.96255	0.0740898	6423039	175.862	-1
395.478	642.856	1.96255	0.0740898	6423039	7.14648	-1
393.71	873.543	6.70315	0.0609291	11731712	210.794	-1
342.014	860.427	4.60841	0.0626289	1311232	12.2317	-1
342.014	860.427	4.60841	0.0626289	1311232	55.8062	-1
342.014	860.427	4.60841	0.0626289	1311232	217.842	-1
342.086	577.338	2.11405	0.0712556	11796991	274.072	-1
342.097	573.917	2.71888	0.0716995	13304575	264.338	-1
342.343	403.155	2.69939	0.0525466	12780287	37.2345	-1
342.343	403.155	2.69939	0.0525466	12780287	126.925	-1
392.896	386.251	8.17163	0.0513981	9306369	356.723	-1
391.878	587.928	3.44397	0.0774067	13698047	199.83	-1
391.878	587.928	3.44397	0.0774067	13698047	30.5577	-1
555.362	863.508	2.14583	0.0617964	12845567	290.283	-1
555.362	863.508	2.14583	0.0617964	12845567	186.014	-1
391.49	636.346	3.04643	0.0637468	4785151	177.562	-1
343.963	852.486	3.3581	0.064934	11863039	203.234	-1
389.652	543.648	17.5878	0.054454	14614786	141.281	-1
344.055	638.825	2.91287	0.0672525	1573887	187.342	-1
344.055	638.825	2.91287	0.0672525	1573887	350.627	-1
344.117	639.126	2.80704	0.066641	15598335	184.645	-1
344.117	639.126	2.80704	0.066641	15598335	354.617	-1
388.551	882.041	4.40896	0.0643801	14811392	198.516	-1
388.551	882.041	4.40896	0.0643801	14811392	32.8473	-1
388.221	798.549	6.09075	0.0709268	4784896	20.4836	-1
387.784	633.501	2.7081	0.068839	12976895	269.66	-1
387.767	583.977	4.35215	0.050528	13893888	199.152	-1
345.493	580.739	3.01319	0.0795422	3998719	78.1371	-1
345.493	580.739	3.01319	0.0795422	3998719	290.092	-1
387.767	583.977	4.35215	0.050528	13893888	1.34491	-1
387.756	636.88	2.06046	0.0635515	9961983	179.679	-1
387.756	636.88	2.06046	0.0635515	9961983	0.343262	-1
346.246	651.17	2.00344	0.0794467	7930367	185.194	-1
387.703	642.359	2.22123	0.0789812	15401471	177.502	-1
385.946	661.099	1.84086	0.0758221	1769983	8.9187	-1
385.183	635.027	1.80137	0.0643439	197119	176.279	-1
385.183	635.027	1.80137	0.0643439	197119	114.299	-1
347.357	640.88	2.08409	0.0674338	10748415	24.3514	-1
385.122	652.266	3.12378	0.071223	6620159	357.116	-1
385.122	652.266	3.12378	0.071223	6620159	211.051	-1
347.66	655.364	5.08758	0.0616111	8454656	181.23	-1
347.81	395.765	2.10552	0.0482363	11534847	347.99	-1
383.915	396.217	7.83865	0.058978	6291713	2.06445	-1
383.369	401.411	2.70599	0.0484269	12911359	134.542	-1
383.369	401.411	2.70599	0.0484269	12911359	55.7403	-1
383.052	895.583	6.9853	0.0722407	14680832	226	-1
382.605	815.333	5.92684	0.0660072	2818816	223.839	-1
348.825	658.64	1.86669	0.0713466	2818559	138.077	-1
382.605	815.333	5.92684	0.0660072	2818816	75.8635	-1
382.452	768.536	5.36654	0.0502046	12321280	208.9	-1
382.452	768.536	5.36654	0.0502046	12321280	65.8687	-1
382.03	577.896	4.24911	0.065822	12124416	356.049	-1
382.03	577.896	4.24911	0.065822	12124416	276.168	-1
381.106	653.097	2.19515	0.0617207	14549503	342.578	-1
381.106	653.097	2.19515	0.0617207	14549503	195.463	-1
350.159	616.468	2.69349	0.0670492	12583679	151.25	-1
554.368	874.926	4.1308	0.0585509	10092800	86.3713	-1
380.97	660.847	1.99782	0.0781472	7733759	161.822	-1
553.858	908.077	1.90669	0.070605	4325887	272.461	-1
352.107	925.047	1.85169	0.0466928	2228735	90.6826	-1
352.107	925.047	1.85169	0.0466928	2228735	158.074	-1
352.638	847.501	5.6084	0.0695621	15532544	22.6565	-1
352.638	847.501	5.6084	0.0695621	15532544	210.436	-1
352.642	588.232	2.49221	0.0753114	7013119	95.9757	-1
352.685	641.892	1.98284	0.0816981	7143935	5.98718	-1
352.685	641.892	1.98284	0.0816981	7143935	174.976	-1
352.838	933.279	3.57889	0.0622357	16450559	89.8875	-1
380.97	660.847	1.99782	0.0781472	7733759	89.5586	-1
353.031	650.948	1.86298	0.075774	2621951	41.9535	-1
380.97	660.847	1.99782	0.0781472	7733759	24.9441	-1
353.094	577.45	2.51281	0.0738773	7602943	264.357	-1
353.133	619.362	2.63381	0.068765	11010815	112.139	-1
353.145	582.904	2.11802	0.0763364	11928063	94.2964	-1
353.145	582.904	2.11802	0.0763364	11928063	265.902	-1
353.466	660.653	2.00855	0.084413	8061439	322.391	-1
553.858	908.077	1.90669	0.070605	4325887	48.8242	-1
380.286	933.553	3.11368	0.0595299	6358015	92.7737	-1
378.842	616.52	2.83534	0.0666399	16319231	23.0744	-1
377.587	582.056	3.93955	0.0725228	6684928	261.707	-1
377.587	582.056	3.93955	0.0725228	6684928	99.7736	-1
377.451	640.565	2.04933	0.0895874	9568767	105.471	-1
354.484	433.261	30.6136	0.0464795	4587779	317.598	-1
354.67	655.483	3.65364	0.0622214	1245440	182.212	-1
377.153	651.933	2.68247	0.0801621	12321535	340.48	-1
377.153	651.933	2.68247	0.0801621	12321535	185.102	-1
354.953	615.952	3.2422	0.0507405	9307135	243.097	-1
354.953	615.952	3.2422	0.0507405	9307135	299.868	-1
355.093	608.124	3.25884	0.0513493	9700351	62.8383	-1
355.093	608.124	3.25884	0.0513493	9700351	121.17	-1
376.373	619.302	2.65819	0.0664887	11666175	60.9189	-1
376.322	634.909	2.02743	0.0853371	8782335	287.956	-1
355.632	658.173	2.61275	0.0556496	10420991	180.725	-1
355.632	658.173	2.61275	0.0556496	10420991	321.321	-1
355.716	612.173	5.60285	0.0555702	15467008	1.3653	-1
355.716	612.173	5.60285	0.0555702	15467008	110.415	-1
355.716	612.173	5.60285	0.0555702	15467008	255.841	-1
552.008	839.984	1.84765	0.0842896	2032127	182.625	-1
374.173	933.501	2.71859	0.073978	13304575	89.3157	-1
355.906	659.032	2.15233	0.0555997	13107711	180.275	-1
373.798	653.075	1.92581	0.0685739	5046783	182.124	-1
373.734	399.626	6.29523	0.0547271	7144192	353.785	-1
356.704	636.209	3.26044	0.060779	9700351	2.33679	-1
373.61	399.467	6.16621	0.054834	5636864	353.995	-1
373.61	399.467	6.16621	0.054834	5636864	129.362	-1
373.105	641.578	1.90451	0.0848356	4260351	302.791	-1
373.105	641.578	1.90451	0.0848356	4260351	122.763	-1
372.226	242.029	3.24829	0.0523038	9438207	343.031	-1
372.226	242.029	3.24829	0.0523038	9438207	277.881	-1
371.685	577.002	3.1169	0.0781298	6423551	261.657	-1
371.685	577.002	3.1169	0.0781298	6423551	95.2762	-1
370.703	587.299	3.02899	0.0794265	4391935	94.4762	-1
552.008	839.984	1.84765	0.0842896	2032127	320.165	-1
368.661	822.772	6.75137	0.0658311	12190464	237.553	-1
368.661	822.772	6.75137	0.0658311	12190464	51.5941	-1
368.392	582.158	4.85134	0.0476413	5046784	357.114	-1
368.265	656.681	2.37489	0.0755324	3474175	179.35	-1
552.733	905.885	1.92303	0.0667986	4915711	229.8	-1
358.831	660.379	2.0064	0.0818485	7995903	9.14374	-1
552.632	901.215	2.51871	0.0810566	7734015	49.6874	-1
368.105	249.388	13.5772	0.0559682	12649217	348.119	-1
359.071	651.555	2.30651	0.0706441	1377023	183.409	-1
359.071	651.555	2.30651	0.0706441	1377023	261.017	-1
359.107	580.239	1.80783	0.0761429	459263	93.7903	-1
359.107	580.239	1.80783	0.0761429	459263	267.518	-1
359.155	583.428	9.59171	0.058457	4194817	85.6159	-1
359.155	583.428	9.59171	0.058457	4194817	266.709	-1
552.377	302.286	13.5208	0.0541842	12321537	204.773	-1
359.76	933.481	2.89912	0.0719849	1246207	90.3556	-1
360.53	641.89	2.06399	0.0842669	10093055	2.43591	-1
360.53	641.89	2.06399	0.0842669	10093055	175.749	-1
360.584	637.149	2.11342	0.0678385	11796991	0.735321	-1
360.584	637.149	2.11342	0.0678385	11796991	179.154	-1
360.637	633.244	3.06388	0.0657627	5243903	269.944	-1
360.82	616.628	2.33813	0.0832598	2360063	31.7065	-1
360.82	616.628	2.33813	0.0832598	2360063	234.171	-1
360.854	607.524	2.35508	0.0895016	2884351	133.69	-1
360.854	607.524	2.35508	0.0895016	2884351	321.219	-1
368.105	249.388	13.5772	0.0559682	12649217	181.051	-1
552.377	302.286	13.5208	0.0541842	12321537	12.8941	-1
362.328	611.969	3.3956	0.0477588	12649471	180.434	-1
362.352	659.193	2.50001	0.0705204	7209727	18.7617	-1
362.352	659.193	2.50001	0.0705204	7209727	155.446	-1
362.443	588.383	3.42362	0.0662941	13239295	96.0009	-1
366.563	411.374	8.54965	0.0584323	12583169	124.513	-1
362.572	653.663	2.36615	0.0875061	3212031	270.907	-1
362.619	578.096	3.22977	0.0600101	9044991	278.162	-1
362.619	578.096	3.22977	0.0600101	9044991	353.599	-1
363.012	634.976	1.82266	0.0563927	1049087	5.22162	-1
363.012	634.976	1.82266	0.0563927	1049087	69.0316	-1
366.563	411.374	8.54965	0.0584323	12583169	4.79468	-1
366.498	586.831	2.57566	0.0537246	9372415	1.27774	-1
366.439	417.916	2.26073	0.0501167	16646655	133.776	-1
366.439	417.916	2.26073	0.0501167	16646655	44.9368	-1
366.385	653.461	1.92665	0.073932	5112319	350.274	-1
364.319	607.015	2.3833	0.0491897	3736319	210.537	-1
364.828	656.712	2.37206	0.0551064	3408639	357.977	-1
366.385	653.461	1.92665	0.073932	5112319	18.9691	-1
366.012	660.618	2.0701	0.0869173	10289663	353.41	-1
365.396	651.572	2.16363	0.0682023	13500927	279.339	-1
365.396	651.572	2.16363	0.0682023	13500927	318.951	-1
366.012	660.618	2.0701	0.0869173	10289663	165.05	-1
525.701	837.282	3.43414	0.0463908	13435903	319.86	-1
472.236	841.655	3.93791	0.0438596	6684928	97.2157	-1
525.701	837.282	3.43414	0.0463908	13435903	224.07	-1
457.711	648.799	4.64211	0.0439497	1835520	289.153	-1
322.403	901.079	2.02047	0.0434623	8520191	269.992	-1
525.701	837.282	3.43414	0.0463908	13435903	70.1232	-1
565.53	822.811	4.95859	0.0430164	6619648	36.749	-1
322.403	901.079	2.02047	0.0434623	8520191	91.0167	-1
363.585	614.244	1.98889	0.0448257	7406079	172.504	-1
444.638	306.336	3.02757	0.0433865	4326399	293.8	-1
407.126	921.468	19.9537	0.0459752	7012866	86.6504	-1
550.681	870.333	3.03455	0.0458356	4523007	78.3933	-1
423.888	559.057	16.8114	0.0458548	11337986	58.2553	-1
550.681	870.333	3.03455	0.0458356	4523007	231.037	-1
457.711	648.799	4.64211	0.0439497	1835520	82.5905	-1
550.681	870.333	3.03455	0.0458356	4523007	309.377	-1
505.52	847.291	2.52718	0.0445371	7996159	287.001	-1
565.58	908.375	11.3008	0.0434733	16056833	280.001	-1
367.181	290.017	16.731	0.0449243	11010306	189.721	-1
367.181	290.017	16.731	0.0449243	11010306	349.794	-1
433.029	579.827	1.88877	0.0457346	3670527	178.224	-1
433.029	579.827	1.88877	0.0457346	3670527	6.81085	-1
237.641	931.941	2.25436	0.0436092	16450047	180.652	-1
296.087	870.845	2.1085	0.045239	11600383	118.534	-1
198.109	342.857	22.6146	0.0463693	16122370	179.551	-1
394.019	880.833	2.42979	0.0437921	5178111	22.4284	-1
548.654	819.573	3.91636	0.0437218	6226176	209.737	-1
445.984	638.446	5.72648	0.0443962	328448	261.888	-1
531.751	837.946	2.97351	0.0440478	3015679	227.928	-1
552.114	342.835	5.30859	0.0462616	11534848	20.1776	-1
257.311	244.697	4.356	0.0449895	13959424	269.806	-1
237.641	931.941	2.25436	0.0436092	16450047	359.779	-1
257.311	244.697	4.356	0.0449895	13959424	92.2467	-1
303.426	430.657	6.0244	0.0441391	3998464	263.055	-1
233.219	931.206	3.73111	0.0435259	2752768	262.845	-1
371.056	773.454	2.74867	0.0460812	14091007	61.1716	-1
371.056	773.454	2.74867	0.0460812	14091007	209.025	-1
296.087	870.845	2.1085	0.045239	11600383	321.831	-1
531.751	837.946	2.97351	0.0440478	3015679	309.757	-1
416.092	619.604	1.90348	0.0436635	4194815	34.3318	-1
500.166	755.496	3.46442	0.0433077	14091263	211.279	-1
460.857	866.163	3.24164	0.044218	9307135	64.0763	-1
422.067	829.158	2.54946	0.0432516	8651519	40.3001	-1
460.857	866.163	3.24164	0.044218	9307135	129.821	-1
611.469	341.848	1.82156	0.0444062	1049087	2.30145	-1
394.019	880.833	2.42979	0.0437921	5178111	67.5511	-1
447.278	417.889	16.4389	0.0430742	9765122	186.098	-1
416.092	619.604	1.90348	0.0436635	4194815	79.0747	-1
436.852	657.296	6.44724	0.0439111	8913664	86.3077	-1
394.998	796.927	2.53566	0.0457469	8258303	24.5564	-1
233.219	931.206	3.73111	0.0435259	2752768	86.5763	-1
330.966	636.669	2.25178	0.0445381	16384511	342.152	-1
394.998	796.927	2.53566	0.0457469	8258303	69.0409	-1
476.345	847.569	2.91603	0.0431676	1639423	101.388	-1
528.857	847.203	3.15243	0.0444336	7275519	93.165	-1
520.78	412.431	2.23889	0.0448312	15925759	49.6555	-1
376.011	820.697	2.63751	0.0445675	11076351	23.5831	-1
376.011	820.697	2.63751	0.0445675	11076351	92.7539	-1
559.352	830.786	4.24668	0.0451332	12124416	35.4707	-1
560.347	827.575	6.48817	0.0454978	9372416	37.4359	-1
222.095	919.887	3.32651	0.0461479	11142143	277.493	-1
355.311	925.93	16.1624	0.0460531	8519938	89.9655	-1
506.18	836.433	2.82	0.0448309	15926015	61.7496	-1
224.906	205.953	4.9739	0.0444422	6816256	110.978	-1
252.04	245.386	1.90415	0.0449711	4260351	157.378	-1
520.086	836.461	1.99708	0.0442458	7668223	267.21	-1
252.04	245.386	1.90415	0.0449711	4260351	15.6819	-1
519.307	863.924	4.34769	0.04496	13828352	91.1143	-1
581.31	855.731	5.57621	0.0446353	15073792	181.183	-1
340.199	900.773	2.10409	0.0449549	11469311	269.053	-1
340.199	900.773	2.10409	0.0449549	11469311	87.9953	-1
501.689	836.642	1.80711	0.0456394	459263	114.449	-1
494.343	750.754	6.0645	0.0462393	4457216	242.832	-1
562.05	818.031	3.13232	0.0458486	6816767	241.736	-1
510.656	830.329	5.20623	0.043292	10158592	270.885	-1
489.98	747.557	1.93223	0.04319	5308927	236.606	-1
509.044	742.763	2.6155	0.0462787	10486527	242.014	-1
298.479	655.163	6.42544	0.0434989	8651520	89.9912	-1
335.405	871.212	2.70348	0.0449564	12845823	44.9002	-1
501.689	836.642	1.80711	0.0456394	459263	241.272	-1
427.097	638.5	2.40971	0.0443738	4522751	179.505	-1
472.769	862.675	2.67713	0.0441204	12190463	181.209	-1
537.973	858.515	2.18078	0.0441106	14025215	91.8233	-1
490.004	813.32	6.40892	0.0446778	8454912	86.2764	-1
224.906	205.953	4.9739	0.0444422	6816256	305.19	-1
450.556	620.179	2.17675	0.0433229	13894143	85.4519	-1
530.272	376.645	13.3565	0.0454514	11404033	28.1016	-1
581.31	855.731	5.57621	0.0446353	15073792	42.0609	-1
497.117	842.366	2.5309	0.0436007	8127231	341.841	-1
586.01	851.548	2.96665	0.0436045	2884607	35.7296	-1
349.973	580.46	2.84326	0.0453832	16515839	186.006	-1
548.654	819.573	3.91636	0.0437218	6226176	90.4736	-1
222.095	919.887	3.32651	0.0461479	11142143	79.8045	-1
269.847	931.847	2.39442	0.0444272	4063999	339.617	-1
469.212	837.387	2.93186	0.0452629	2032639	299.015	-1
428.591	165.306	3.30875	0.0444938	10748927	257.319	-1
592.148	829.651	8.34052	0.045959	10813697	6.38	-1
269.847	931.847	2.39442	0.0444272	4063999	184.305	-1
443.672	306.948	4.31761	0.042989	13304064	287.614	-1
392.936	923.658	5.36536	0.0427075	12321280	85.6859	-1
435.363	299.98	4.36867	0.0421908	14156032	357.842	-1
328.027	227.176	4.78218	0.0424091	3998208	76.3683	-1
381.605	657.014	8.58159	0.0425789	12845313	103.499	-1
506.452	592.041	2.26593	0.0422695	131839	107.082	-1
328.027	227.176	4.78218	0.0424091	3998208	270.043	-1
328.451	415.369	2.21729	0.0419091	15270399	343.527	-1
407.736	612.043	1.82688	0.0425129	1245695	21.7505	-1
407.736	612.043	1.82688	0.0425129	1245695	337.328	-1
490.387	440.648	2.14294	0.0418228	12780031	192.48	-1
534.969	880.951	2.72352	0.0424559	13435647	85.533	-1
284.778	219.564	4.50449	0.0422166	16384256	80.7159	-1
284.778	219.564	4.50449	0.0422166	16384256	279.68	-1
428.437	642.465	1.94772	0.0422404	5898751	151.767	-1
547.628	857.621	2.55488	0.0425161	8782591	251.911	-1
347.586	565.735	12.6655	0.0423049	7602945	54.5507	-1
517.11	870.368	4.11594	0.0422691	9830656	90.5581	-1
402.124	637.708	7.29342	0.0427541	1114369	264.09	-1
400.105	612.049	11.0223	0.0419536	14221825	168.644	-1
298.226	227.062	2.18618	0.0428858	14221823	142.601	-1
401.041	638.232	2.62277	0.0420913	10683135	180.504	-1
534.969	880.951	2.72352	0.0424559	13435647	217.92	-1
229.46	217.703	4.82252	0.0418108	4588032	213.081	-1
301.67	635.944	8.49858	0.0429546	12124417	276.183	-1
547.628	857.621	2.55488	0.0425161	8782591	130.167	-1
400.105	612.049	11.0223	0.0419536	14221825	265.507	-1
532.438	906.446	2.51575	0.0429751	7668479	358.306	-1
474.962	836.416	3.19657	0.0428899	8258559	88.93	-1
376.781	436.346	1.80607	0.042754	393727	220.197	-1
242.531	486.506	75.5151	0.0424763	3015172	178.914	-1
413.072	472.105	2.47425	0.0426436	6488831	85.2892	-1
477.786	862.858	4.86193	0.0418343	5177856	294.01	-1
477.786	862.858	4.86193	0.0418343	5177856	89.1526	-1
247.331	244.599	4.20109	0.0418031	11337984	95.3893	-1
247.331	244.599	4.20109	0.0418031	11337984	270.577	-1
