157.381	211.071	2.03351	0.0500658	8978943	84.5917	-1
157.381	211.071	2.03351	0.0500658	8978943	289.264	-1
629.987	751.127	2.20643	0.0535827	14877183	224.19	-1
629.987	751.127	2.20643	0.0535827	14877183	20.0048	-1
627.813	690.826	2.01566	0.0565294	8323583	230.828	-1
627.813	690.826	2.01566	0.0565294	8323583	30.4088	-1
627.31	755.113	2.64888	0.0559997	11404031	29.2958	-1
626.056	747.357	1.97551	0.0592325	6881791	230.16	-1
626.056	747.357	1.97551	0.0592325	6881791	34.5667	-1
625.304	780.912	2.09167	0.0596638	11010559	222.511	-1
174.26	216.408	4.53477	0.0521358	131584	280.246	-1
619.496	620.757	12.5992	0.0558092	7209729	3.67029	-1
617.872	831.348	4.35397	0.0435643	13893888	237.916	-1
617.829	650.687	3.08905	0.0969276	5833727	52.3017	-1
617.389	603.994	8.39905	0.0426489	11272449	40.1365	-1
617.205	765.638	3.4774	0.0862016	14353407	220.828	-1
617.109	688.781	2.62226	0.0829992	10683135	217.248	-1
617.109	688.781	2.62226	0.0829992	10683135	52.3225	-1
616.976	677.224	1.90897	0.0823463	4391423	212.051	-1
616.944	671.863	1.82726	0.0852412	1245695	221.607	-1
616.867	701.426	2.37979	0.081096	3670783	218.948	-1
616.643	733.68	2.51921	0.0859232	7734015	208.952	-1
616.643	733.68	2.51921	0.0859232	7734015	52.0764	-1
616.568	756.755	2.54572	0.090894	8520447	214.892	-1
616.568	756.755	2.54572	0.090894	8520447	50.6985	-1
616.464	708	2.00984	0.0929199	8126975	52.6625	-1
616.361	715.139	1.81008	0.0886551	590335	220.822	-1
194.842	221.797	2.56307	0.0656358	9044735	113.734	-1
194.842	221.797	2.56307	0.0656358	9044735	282.147	-1
616.24	790.206	2.43965	0.0792123	5440255	219.957	-1
615.513	330.003	17.7975	0.0402541	15466754	1.43457	-1
615.283	657.39	5.2514	0.0582706	10748416	0.516022	-1
614.908	747.523	6.26608	0.0547488	6816512	359.22	-1
614.312	647.537	3.79814	0.0645929	4063488	359.338	-1
614.293	668.721	3.80902	0.05984	4260096	359.671	-1
614.19	685.329	4.00208	0.0638004	7799040	359.769	-1
614.168	697.853	4.01159	0.0647597	7995648	359.898	-1
613.851	675.177	3.23022	0.0627816	9044991	0.0461121	-1
215.295	225.283	2.61839	0.0582425	10552063	92.9981	-1
215.295	225.283	2.61839	0.0582425	10552063	280.681	-1
613.788	761.868	4.12716	0.0700587	10027264	359.972	-1
613.717	711.994	3.72205	0.0639703	2556160	0.243866	-1
613.584	680.098	3.08412	0.0522609	5702655	0.463318	-1
613.568	786.035	4.39689	0.0631183	14614784	359.532	-1
613.499	692.264	3.09524	0.0533777	5964799	0.545532	-1
226.656	227.068	2.22938	0.051202	15663615	102.162	-1
226.656	227.068	2.22938	0.051202	15663615	280.764	-1
613.475	705.501	3.29665	0.0652291	10486783	0.457458	-1
613.365	827.561	4.77635	0.067027	3932672	353.89	-1
613.341	725.859	3.06428	0.0557529	5243903	359.423	-1
613.331	731.229	3.34149	0.0667342	11469823	359.583	-1
613.254	754.718	3.12801	0.0574578	6685695	359.406	-1
613.102	737.414	3.25891	0.05399	9700351	0.403381	-1
243.57	229.362	2.10552	0.0408623	11534847	98.3888	-1
612.995	779.382	3.32986	0.0448647	11207679	0.203918	-1
612.932	770.885	3.32533	0.0530993	11142143	0.354187	-1
612.844	794.427	3.2946	0.0619034	10486783	0.0957642	-1
261.718	322.466	108.846	0.0708694	12780292	184.883	-1
261.718	322.466	108.846	0.0708694	12780292	264.258	-1
274.655	233.057	3.55349	0.0741223	15926271	95.8718	-1
274.655	233.057	3.55349	0.0741223	15926271	273.626	-1
612.791	766.768	2.76743	0.0618466	14549759	359.929	-1
612.593	799.754	3.20197	0.0501317	8389631	0.659943	-1
290.368	635.552	4.65771	0.0909898	2097664	242.928	-1
290.368	635.552	4.65771	0.0909898	2097664	352.842	-1
290.938	546.091	3.50548	0.0636513	14943231	4.66711	-1
290.938	546.091	3.50548	0.0636513	14943231	36.3653	-1
293.25	629.619	9.27885	0.101562	1769985	190.667	-1
293.25	629.619	9.27885	0.101562	1769985	355.759	-1
296.133	281.189	34.8006	0.0436532	13828355	272.786	-1
612.082	841.338	1.81335	0.0492052	721407	30.5742	-1
297.398	591.847	14.1775	0.07977	15729409	0.09729	-1
298.498	538.007	2.23827	0.0478494	15925759	55.4129	-1
304.762	273.548	21.3227	0.0456488	11862530	273.364	-1
305.619	703.975	11.472	0.0802354	459521	351.534	-1
305.96	583.367	1.87684	0.0434788	3211775	38.5927	-1
306.162	603.867	8.92014	0.062861	15663361	191.95	-1
306.162	603.867	8.92014	0.062861	15663361	219.839	-1
306.935	552.428	8.30244	0.104722	10486017	185.749	-1
306.935	552.428	8.30244	0.104722	10486017	356.202	-1
308.872	439.048	2.23577	0.04129	15860223	161.613	-1
611.133	847.023	2.15137	0.0448461	13042175	354.297	-1
610.576	853.78	2.07143	0.0544741	10355199	250.601	-1
314.322	564.542	40.0515	0.0476134	7275011	259.171	-1
314.846	540.059	11.5405	0.0788833	852737	90.6248	-1
314.846	540.059	11.5405	0.0788833	852737	138.585	-1
610.252	389.184	27.9518	0.0458876	14746370	352.456	-1
609.47	721.611	2.90745	0.040796	1442815	2.20523	-1
607.14	853.321	2.14261	0.0438177	12780031	177.67	-1
607.14	853.321	2.14261	0.0438177	12780031	5.11685	-1
316.311	404.551	4.06795	0.0871016	8978688	217.646	-1
316.311	404.551	4.06795	0.0871016	8978688	348.769	-1
606.836	725.426	2.40138	0.0787347	4326143	4.63321	-1
605.088	857.751	2.42276	0.0659354	4915967	358.231	-1
316.943	403.095	3.08827	0.0889972	5768191	225.097	-1
316.943	403.095	3.08827	0.0889972	5768191	356.396	-1
605.088	857.751	2.42276	0.0659354	4915967	243.986	-1
317.363	402.237	2.40806	0.089838	4522751	228.548	-1
317.363	402.237	2.40806	0.089838	4522751	359.432	-1
604.585	847.481	1.97946	0.049888	7012863	5.34763	-1
603.338	892.399	2.52779	0.0516892	7996159	58.9973	-1
601.682	364.812	1.88619	0.0514023	3539455	142.151	-1
321.511	369.006	17.2519	0.058201	13238530	49.0997	-1
321.988	690.907	4.87204	0.0510012	5308928	136.999	-1
322.655	380.042	4.09745	0.0747295	9502976	55.3441	-1
322.655	380.042	4.09745	0.0747295	9502976	113.333	-1
323.857	716.176	2.56586	0.0614827	9110271	199.396	-1
324.265	700.675	3.06095	0.0862485	5112831	171.776	-1
324.265	700.675	3.06095	0.0862485	5112831	343.264	-1
600.608	355.176	1.86595	0.0406174	2753023	247.57	-1
599.794	603.997	7.30289	0.0440926	1179905	46.2833	-1
599.667	367.955	2.63629	0.0435005	11076351	235.303	-1
325.488	710.946	3.86386	0.0823721	5308672	187.639	-1
325.702	695.555	3.41512	0.0619432	13042687	79.1678	-1
599.667	367.955	2.63629	0.0435005	11076351	149.283	-1
598.47	359.297	2.22824	0.0411199	15598079	197.369	-1
326.593	409.651	8.10101	0.0612615	8716545	307.821	-1
598.47	359.297	2.22824	0.0411199	15598079	52.0722	-1
598.098	372.474	2.33452	0.0517232	2228991	222.28	-1
598.098	372.474	2.33452	0.0517232	2228991	57.4059	-1
327.932	696.078	4.74591	0.064219	3408384	88.9683	-1
597.173	599.995	1.82545	0.0509471	1180159	48.007	-1
328.228	716.326	3.2078	0.0712742	8520703	274.237	-1
596.734	748.032	5.36434	0.0576406	12321280	350.903	-1
596.734	748.032	5.36434	0.0576406	12321280	28.3372	-1
596.402	357.187	1.97842	0.0514755	7012863	168.008	-1
596.402	357.187	1.97842	0.0514755	7012863	52.2651	-1
330.513	608.81	3.34728	0.0845558	11600895	242.362	-1
330.513	608.81	3.34728	0.0845558	11600895	355.614	-1
595.919	609.907	2.007	0.0509589	8061439	241.837	-1
595.919	609.907	2.007	0.0509589	8061439	1.20227	-1
595.121	724.708	2.6947	0.0528817	12649215	183.546	-1
331.751	379.122	4.75193	0.0885005	3539456	105.962	-1
331.751	379.122	4.75193	0.0885005	3539456	345.837	-1
595.121	724.708	2.6947	0.0528817	12649215	18.294	-1
594.601	352.978	1.9402	0.0472333	5571071	341.724	-1
331.974	553.883	2.21841	0.0620269	15270399	12.0404	-1
331.974	553.883	2.21841	0.0620269	15270399	49.1593	-1
332.364	714.312	6.41956	0.0872002	8585984	166.883	-1
332.364	714.312	6.41956	0.0872002	8585984	270.193	-1
332.515	544.883	9.28305	0.0708412	1835521	68.7579	-1
332.515	544.883	9.28305	0.0708412	1835521	151.955	-1
594.601	352.978	1.9402	0.0472333	5571071	235.537	-1
594.581	371.794	2.27781	0.0446576	459519	231.336	-1
593.476	571.45	1.96232	0.0405812	6423039	229.401	-1
334.055	518.219	31.5798	0.0432236	6816003	86.2004	-1
334.055	518.219	31.5798	0.0432236	6816003	299.301	-1
334.195	601.274	9.30453	0.099193	1966593	193.147	-1
334.195	601.274	9.30453	0.099193	1966593	356.702	-1
334.282	372.131	4.42733	0.0737397	15139072	45.6707	-1
334.282	372.131	4.42733	0.0737397	15139072	339.494	-1
334.302	235.659	4.79222	0.059404	4129280	92.6976	-1
334.302	235.659	4.79222	0.059404	4129280	270.737	-1
592.625	357.57	2.76026	0.0560088	14353151	341.542	-1
334.675	689.275	6.38472	0.0450672	8192768	82.1181	-1
592.361	376.203	2.21258	0.0585477	15073791	245.67	-1
591.733	369.681	1.9647	0.0643533	6488575	166.988	-1
590.279	362.177	2.56145	0.0609782	8979199	351.402	-1
589.55	374.118	2.57276	0.0457555	9306879	243.183	-1
588.176	330.102	1.85298	0.0525915	2294271	161.914	-1
588.018	342.175	1.91563	0.0454733	4653567	258.714	-1
587.779	365.379	2.70656	0.0505195	12976895	162.325	-1
336.601	701.473	2.65493	0.0715914	11535103	195.068	-1
336.601	701.473	2.65493	0.0715914	11535103	282.185	-1
587.779	365.379	2.70656	0.0505195	12976895	131.995	-1
336.92	716.023	3.29285	0.0806138	10421247	140.919	-1
336.92	716.023	3.29285	0.0806138	10421247	262.099	-1
585.536	345.636	2.49528	0.0512223	7078655	198.008	-1
584.566	335.558	1.91262	0.0449061	4522495	55.8802	-1
336.995	711.533	2.54987	0.0527756	8651519	161.474	-1
584.472	321.477	2.55753	0.055537	8848127	338.617	-1
337.81	392.6	30.3727	0.0878158	3997955	46.7189	-1
584.472	321.477	2.55753	0.055537	8848127	249.906	-1
584.472	321.477	2.55753	0.055537	8848127	86.3815	-1
338.771	696.093	5.06152	0.0693599	8126976	77.2166	-1
584.465	377.036	2.62917	0.0569027	10879743	275.344	-1
584.465	377.036	2.62917	0.0569027	10879743	233.337	-1
584.426	784.444	40.6014	0.0679006	8323587	354.131	-1
339.676	548.361	2.0011	0.0571719	7799295	62.3555	-1
339.811	556.459	10.3589	0.0704657	9765377	68.9554	-1
584.041	325.01	2.07831	0.0514282	10551807	164.312	-1
340.22	699.368	2.43548	0.0507527	5309183	277.651	-1
584.041	325.01	2.07831	0.0514282	10551807	78.5582	-1
584.041	325.01	2.07831	0.0514282	10551807	24.9297	-1
341.2	543.138	5.9527	0.052134	3146496	61.1939	-1
341.338	186.611	2.04082	0.051266	9241087	274.075	-1
583.32	380.74	2.32942	0.0565887	2097919	58.0435	-1
341.537	266.678	5.55899	0.0436494	14877184	270.64	-1
583.016	343.055	2.10738	0.0547842	11534847	170.681	-1
582.093	274.826	54.9045	0.0713473	13435651	273.5	-1
342.663	545.69	2.44535	0.0520142	5636863	41.6632	-1
342.951	701.637	2.58193	0.0595333	9569023	347.495	-1
581.681	371.939	2.49054	0.0634588	6947583	141.393	-1
581.589	334.45	1.83525	0.0646115	1573375	12.8538	-1
343.995	692.771	2.50516	0.0739975	7340799	90.1554	-1
344.114	708.446	2.28359	0.0493432	656127	1.23413	-1
580.651	337.657	2.58113	0.0562437	9503487	99.1071	-1
580.014	381.037	1.8198	0.0582128	983551	190.191	-1
344.841	687.871	4.01566	0.105468	8061184	108.809	-1
580.014	381.037	1.8198	0.0582128	983551	72.1989	-1
579.833	357.804	2.59023	0.0508625	9765631	243.258	-1
345.744	712.015	2.77851	0.0678046	14877439	16.4495	-1
345.744	712.015	2.77851	0.0678046	14877439	272.999	-1
579.395	905.429	2.82313	0.0441185	15991551	64.2086	-1
578.911	566.733	1.99852	0.0494097	7733759	79.3319	-1
578.268	372.865	2.53369	0.0494591	8192767	140.84	-1
577.686	379.733	1.82806	0.0648986	1311231	235.095	-1
346.88	696.248	3.34428	0.058157	11535359	99.9357	-1
577.686	379.733	1.82806	0.0648986	1311231	74.1772	-1
577.583	577.047	2.17344	0.053029	13828607	357.236	-1
347.719	235.983	5.41577	0.0560599	12976640	270.143	-1
347.968	710.459	4.69354	0.0720586	2621952	354.374	-1
348.971	544.181	4.15374	0.0780343	10486016	49.7715	-1
349.285	482.602	19.9146	0.0997149	6881794	109.637	-1
349.285	482.602	19.9146	0.0997149	6881794	289.164	-1
577.583	577.047	2.17344	0.053029	13828607	249.262	-1
576.755	361.585	2.49954	0.0644836	7209727	252.55	-1
576.755	361.585	2.49954	0.0644836	7209727	76.9823	-1
576.661	337.2	2.06918	0.042969	10224127	30.556	-1
350.763	702.999	10.1584	0.0467872	8323585	99.5166	-1
350.763	702.999	10.1584	0.0467872	8323585	321.261	-1
350.868	696.071	1.85513	0.0603822	2359807	39.5858	-1
350.868	696.071	1.85513	0.0603822	2359807	156.437	-1
576.269	345.007	2.17318	0.061009	13763071	345.797	-1
350.923	692.082	4.92853	0.0580382	6160896	76.0174	-1
351.557	520.446	2.75592	0.0794169	14287615	73.5299	-1
351.557	520.446	2.75592	0.0794169	14287615	333.468	-1
352.011	715.591	3.38666	0.0714704	12452863	273.665	-1
575.119	383.231	3.3005	0.058135	10617855	328.866	-1
353.329	533.992	8.35273	0.0637603	10879233	46.1351	-1
353.404	708.09	2.23873	0.0931491	15925759	312.524	-1
574.409	348.89	2.91931	0.0482442	1704959	274.156	-1
574.317	354.135	3.44814	0.081949	13763583	274.672	-1
573.295	329.081	2.16913	0.0469716	13631999	170	-1
573.295	329.081	2.16913	0.0469716	13631999	124.605	-1
355.416	505.331	13.0372	0.0495882	9700097	276.557	-1
355.962	721.343	4.69012	0.0776641	2556416	354.788	-1
355.965	695.676	3.68475	0.06828	1835264	68.2018	-1
573.118	362.942	2.14939	0.0519387	12976639	73.9678	-1
572.975	325.354	2.29299	0.0603105	983807	126.286	-1
357.045	235.844	4.22048	0.0552611	11665664	90.1125	-1
357.045	235.844	4.22048	0.0552611	11665664	269.941	-1
357.674	539.159	2.64511	0.0651807	11272959	14.5959	-1
357.674	539.159	2.64511	0.0651807	11272959	50.2926	-1
572.411	359.115	3.37652	0.0561765	12256255	255.665	-1
572.281	386.559	3.31813	0.0540151	11011071	315.788	-1
572.281	386.559	3.31813	0.0540151	11011071	66.9547	-1
358.475	714.442	5.32548	0.0462395	11796992	344.068	-1
571.9	335.423	1.99474	0.0460684	7602687	255.284	-1
358.533	706.801	3.36017	0.0448341	11863039	127.924	-1
571.77	372.977	2.20588	0.0584379	14877183	42.3239	-1
360.111	532.56	4.21563	0.0660066	11600128	57.675	-1
571.513	321.634	2.36396	0.0531383	3146495	265.826	-1
360.835	354.709	3.54433	0.0628616	15729663	73.7189	-1
570.576	869.006	77.6836	0.0844067	5112324	358.85	-1
361.147	491.951	7.91658	0.0862136	7012609	185.565	-1
361.175	521.132	10.1773	0.102443	8454657	61.4323	-1
361.175	521.132	10.1773	0.102443	8454657	200.122	-1
361.243	707.655	23.8512	0.0572833	3212034	88.7351	-1
361.354	710.049	2.15235	0.085649	13107711	93.0857	-1
361.354	710.049	2.15235	0.085649	13107711	251.689	-1
570.576	869.006	77.6836	0.0844067	5112324	59.4557	-1
362.025	541.167	7.86757	0.081093	6553857	177.065	-1
570.25	327.838	3.13552	0.0408556	6882303	131.819	-1
362.605	821.294	219.375	0.0858068	13304581	174.632	-1
569.901	363.036	2.64758	0.0621696	11338495	70.2346	-1
569.857	381.608	2.82511	0.0807973	16057087	337.217	-1
569.443	324.736	2.19921	0.0637697	14680575	157.492	-1
365.652	696.098	5.17648	0.0699842	9699840	86.6894	-1
366.24	718.776	3.26981	0.0879856	9896959	269.352	-1
569.443	324.736	2.19921	0.0637697	14680575	2.26566	-1
366.691	369.872	4.65549	0.0934962	2032128	248.85	-1
569.429	376.634	2.57194	0.0415963	9241343	67.1933	-1
367.553	689.689	4.19195	0.0473866	11206912	88.6352	-1
367.943	351.851	4.93273	0.0619663	6226432	79.6522	-1
368.118	577.337	2.65086	0.060239	11469567	176.28	-1
569.273	335.31	2.45476	0.0453694	5899007	269.517	-1
567.423	349.133	2.75713	0.0574694	14287615	30.7179	-1
368.68	378.015	10.6977	0.109992	12059137	162.752	-1
567.366	386.681	3.22419	0.0618756	8913919	164.915	-1
567.034	374.58	1.95925	0.0536892	6291967	239.25	-1
567.034	374.58	1.95925	0.0536892	6291967	62.3613	-1
369.994	374.784	3.17562	0.127916	7799807	330.813	-1
370.076	579.817	1.88755	0.0598175	3604991	83.1346	-1
370.076	579.817	1.88755	0.0598175	3604991	176.922	-1
370.412	573.377	6.49369	0.0925108	9437952	2.94223	-1
370.412	573.377	6.49369	0.0925108	9437952	177.195	-1
565.947	325.598	2.6141	0.0553072	10420991	247.496	-1
565.947	325.598	2.6141	0.0553072	10420991	104.268	-1
370.67	482.401	7.87378	0.0862395	6619393	185.848	-1
370.915	707.148	4.86772	0.0800065	5243392	211.043	-1
370.915	707.148	4.86772	0.0800065	5243392	358.361	-1
371.377	710.274	2.06255	0.0449724	10027519	100.75	-1
371.424	698.948	3.03663	0.089537	4588543	182.175	-1
371.424	698.948	3.03663	0.089537	4588543	342.19	-1
371.432	277.274	25.5807	0.0435277	8323842	263.345	-1
565.947	325.598	2.6141	0.0553072	10420991	8.47968	-1
372.156	718.539	4.67608	0.0735747	2359808	200.836	-1
565.526	389.242	1.82235	0.051825	1049087	246.649	-1
565.494	379.727	3.40687	0.0536764	12911615	337.312	-1
372.93	691.893	2.51534	0.0654562	7668479	87.6089	-1
373.606	706.914	1.83991	0.0459061	1769983	2.64777	-1
373.606	706.914	1.83991	0.0459061	1769983	23.009	-1
565.494	379.727	3.40687	0.0536764	12911615	63.4164	-1
373.986	687.293	3.76409	0.105245	3408128	90.0826	-1
374.003	592.37	9.27653	0.0484934	1769985	239.54	-1
565.036	335.344	2.10602	0.0437309	11534847	270.406	-1
375.437	522.246	8.12017	0.061673	8847617	62.4175	-1
375.437	522.246	8.12017	0.061673	8847617	194.4	-1
564.884	361.812	3.09474	0.061275	5964799	246.578	-1
375.839	584.364	2.70449	0.0764636	12911359	245.772	-1
375.99	696.367	4.18979	0.0762709	11141376	166.989	-1
564.602	328.135	1.96994	0.044992	6685183	95.1303	-1
563.876	346.586	2.46073	0.0677431	6095615	220.493	-1
376.69	713.686	3.34223	0.0575379	11469823	258.746	-1
377.142	714.049	3.78286	0.0570773	3735808	180.75	-1
377.142	714.049	3.78286	0.0570773	3735808	255.365	-1
563.772	353.077	2.94906	0.0588237	2425855	350.541	-1
377.497	529.339	2.64896	0.067569	11404031	1.85184	-1
377.889	707.825	4.75169	0.0793804	3539456	249.173	-1
378.558	690.375	3.27574	0.0557461	10028031	132.004	-1
378.558	690.375	3.27574	0.0557461	10028031	167.951	-1
378.558	690.375	3.27574	0.0557461	10028031	199.376	-1
563.157	392.105	2.76008	0.0628865	14353151	221.321	-1
380.123	513.511	5.13062	0.0446071	9110016	234.715	-1
380.123	513.511	5.13062	0.0446071	9110016	356.078	-1
380.325	577.338	8.54725	0.0862039	12583169	195.188	-1
563.157	392.105	2.76008	0.0628865	14353151	66.7242	-1
381.594	349.048	4.64293	0.0694976	1835520	80.2124	-1
561.934	382.189	2.44709	0.0761703	5636863	335.981	-1
382.581	702.128	4.3752	0.0830678	14287104	166.678	-1
382.581	702.128	4.3752	0.0830678	14287104	359.927	-1
383.212	534.278	10.6142	0.0653656	11534849	70.4771	-1
385.004	710.422	2.17814	0.0465241	13959679	266.118	-1
385.277	344.312	3.62434	0.0428675	655616	122.668	-1
385.549	344.454	3.50931	0.0426509	15008767	121.675	-1
385.929	524.834	2.75829	0.0642764	14353151	68.1629	-1
561.934	382.189	2.44709	0.0761703	5636863	147.11	-1
387.14	769.151	5.25777	0.0549581	10879488	52.7989	-1
387.14	769.151	5.25777	0.0549581	10879488	93.4742	-1
387.14	769.151	5.25777	0.0549581	10879488	124.608	-1
387.14	769.151	5.25777	0.0549581	10879488	291.756	-1
387.92	691.622	6.13477	0.0801846	5309184	81.5336	-1
561.684	376.982	2.08336	0.0545498	10748415	155.521	-1
389.258	519.128	7.54708	0.057253	3539201	71.3947	-1
389.393	704.747	5.592	0.0829374	15335936	261.04	-1
561.501	349.867	1.95174	0.0596165	6029823	48.3454	-1
391.185	472.101	12.6828	0.0750978	7668481	58.7178	-1
561.137	360.565	2.37311	0.0732255	3474175	174.706	-1
561.137	360.565	2.37311	0.0732255	3474175	5.84375	-1
561.085	356.668	2.40302	0.0699363	4326143	351.681	-1
561.085	356.668	2.40302	0.0699363	4326143	178.286	-1
393.095	706.491	2.68408	0.0695305	12321535	257.318	-1
560.866	335.27	2.1526	0.0630423	13107711	269.929	-1
560.836	325.996	2.11143	0.0555918	11731455	269.105	-1
560.836	325.996	2.11143	0.0555918	11731455	84.7238	-1
559.708	368.325	2.08018	0.0582611	10617343	243.567	-1
559.708	368.325	2.08018	0.0582611	10617343	65.9156	-1
395.173	696.343	5.24949	0.0928348	10748416	180.855	-1
395.173	696.343	5.24949	0.0928348	10748416	350.217	-1
559.392	390.926	2.62487	0.0517755	10748671	225.592	-1
395.638	584.593	14.801	0.0487916	2162946	238.557	-1
395.638	584.593	14.801	0.0487916	2162946	271.754	-1
558.551	523.839	120.769	0.0644546	3604741	358.07	-1
558.522	337.89	2.75287	0.0592624	14156543	90.0516	-1
399.423	525.364	8.48229	0.0723522	11993345	71.0634	-1
399.514	689.367	5.31227	0.0725986	11600384	95.0107	-1
557.935	364.881	3.31663	0.0522153	10945535	247.91	-1
557.548	377.708	3.12824	0.0528863	6685695	143.869	-1
557.548	377.708	3.12824	0.0528863	6685695	78.9694	-1
557.195	356.597	3.08233	0.0591618	5637119	173.856	-1
402.016	568.985	9.90803	0.0904721	6554113	217.438	-1
402.016	568.985	9.90803	0.0904721	6554113	277.527	-1
402.016	568.985	9.90803	0.0904721	6554113	354.519	-1
402.384	457.989	2.05801	0.043866	9830911	50.9291	-1
402.665	703.902	5.6439	0.0777296	15991296	262.217	-1
403.03	696.564	15.5522	0.0513806	5701890	77.7846	-1
403.03	696.564	15.5522	0.0513806	5701890	262.784	-1
556.459	388.579	2.33492	0.0998491	2294527	359.619	-1
403.372	342.005	3.63051	0.0534501	786688	12.3325	-1
556.459	388.579	2.33492	0.0998491	2294527	201.68	-1
404.738	685.45	3.84601	0.0437555	4915456	59.2396	-1
404.738	685.45	3.84601	0.0437555	4915456	108.744	-1
405.579	688.944	1.83045	0.0498862	1376767	151.458	-1
556.166	329.459	2.76529	0.0613045	14484223	86.9203	-1
555.72	369.422	2.21164	0.0644984	15073791	248.934	-1
407.022	470.455	21.3024	0.0877826	11796994	46.5752	-1
407.022	470.455	21.3024	0.0877826	11796994	251.765	-1
407.343	705.401	2.50681	0.0698669	7406335	255.696	-1
407.561	346.258	4.57942	0.0626509	852480	89.9186	-1
555.266	335.311	2.30016	0.0706487	1180415	276.367	-1
555.266	335.311	2.30016	0.0706487	1180415	230.965	-1
555.266	335.311	2.30016	0.0706487	1180415	186.031	-1
555.156	381.192	1.99581	0.0899391	7602687	190.466	-1
554.347	362.517	2.09255	0.0676098	11076095	4.83505	-1
554.275	359.377	1.99311	0.0689422	7537151	356.027	-1
408.569	561.443	2.2274	0.0601823	15598079	85.6259	-1
408.569	561.443	2.2274	0.0601823	15598079	175.878	-1
554.275	359.377	1.99311	0.0689422	7537151	181.122	-1
554.218	361.276	52.0906	0.053609	9634563	279.245	-1
554.218	361.276	52.0906	0.053609	9634563	41.3205	-1
409.442	687.813	3.2596	0.0827249	9700351	57.655	-1
409.669	482.739	4.28872	0.0580695	12845312	249.226	-1
553.114	353.976	2.36201	0.0487888	3080959	256.486	-1
409.972	503.243	24.2612	0.0592361	4457218	260.801	-1
410.482	557.794	5.5633	0.0900974	14942720	177.889	-1
410.482	557.794	5.5633	0.0900974	14942720	348.015	-1
410.687	695.3	3.05954	0.0612322	5112831	43.3282	-1
410.715	563.508	1.9693	0.0599871	6685183	85.9716	-1
410.715	563.508	1.9693	0.0599871	6685183	176.037	-1
411.125	395.964	2.65741	0.0425438	11600639	308.5	-1
552.789	330.342	1.90417	0.0545472	4260351	0.255463	-1
552.613	385.793	3.48275	0.0409729	14484479	350.029	-1
552.265	338.393	2.54707	0.0602897	8585983	74.3826	-1
411.725	704.654	2.9002	0.0481784	1246207	258.639	-1
551.583	395.621	2.00174	0.0582108	7864831	249.003	-1
414.382	692.587	2.23946	0.0647089	15991295	61.8002	-1
414.633	565.298	3.50007	0.0644397	14812159	324.96	-1
414.774	565.939	3.80833	0.0639463	4260096	320.679	-1
415.321	386.095	17.0967	0.0647987	12583170	273.401	-1
415.386	696.287	3.14003	0.104624	7013375	12.1969	-1
415.4	333.889	24.8732	0.0470242	6292226	92.562	-1
416.126	583.603	6.63151	0.0963916	10945280	104.444	-1
416.126	583.603	6.63151	0.0963916	10945280	308.904	-1
416.649	572.458	8.69931	0.07207	13828353	290.402	-1
416.924	345.605	5.45406	0.0606227	13500928	90.1771	-1
416.934	591.032	2.04719	0.0419666	9503231	300.151	-1
417.489	402.402	3.35365	0.0804075	11731967	201.305	-1
417.489	402.402	3.35365	0.0804075	11731967	318.018	-1
418.63	686.06	3.86022	0.0652765	5243136	105.432	-1
551.583	395.621	2.00174	0.0582108	7864831	9.89575	-1
419.303	701.624	1.95336	0.0568602	6095359	279.503	-1
550.859	371.033	2.0919	0.0593005	11010559	282.217	-1
550.859	371.033	2.0919	0.0593005	11010559	99.8541	-1
550.603	380.456	3.21725	0.0522166	8717311	342.521	-1
420.678	703.338	4.24797	0.0556448	12124416	273.982	-1
421.112	697.719	4.14984	0.0643778	10420480	275.517	-1
421.217	680.156	5.3367	0.0657505	11928064	346.978	-1
422.052	234.712	3.49764	0.0588156	14812159	269.989	-1
422.144	672.73	3.17283	0.0726202	7734271	64.6358	-1
422.747	427.84	3.23887	0.0763234	9241599	21.6661	-1
422.806	563.668	7.71602	0.0684794	5177601	291.314	-1
422.856	802.395	3.46914	0.0888575	14222335	33.2902	-1
422.856	802.395	3.46914	0.0888575	14222335	231.205	-1
422.986	428.892	3.97282	0.0759039	7274752	23.1903	-1
422.986	428.892	3.97282	0.0759039	7274752	129.467	-1
550.534	326.572	2.54491	0.0654526	8520447	304.487	-1
550.534	326.572	2.54491	0.0654526	8520447	141.819	-1
550.153	358.468	3.18807	0.0593791	8061951	348.752	-1
425.059	694.706	2.22387	0.0823899	15467007	162.742	-1
425.059	694.706	2.22387	0.0823899	15467007	354.979	-1
425.913	575.748	8.48247	0.0940543	11993345	288.638	-1
549.949	333.133	2.31754	0.0624643	1704703	31.2196	-1
426.555	705.223	3.10931	0.075511	6292479	268.152	-1
549.387	387.94	1.95223	0.0413388	6029823	350.373	-1
549.202	336.847	2.2297	0.0558336	15663615	249.154	-1
427.085	673.874	6.96483	0.085647	14484224	168.12	-1
427.085	673.874	6.96483	0.085647	14484224	349.85	-1
549.098	373.835	2.45152	0.0536489	5767935	100.69	-1
428.71	552.85	6.26361	0.0930188	6816512	13.4539	-1
428.71	552.85	6.26361	0.0930188	6816512	167.796	-1
429.24	362.124	3.39088	0.0889414	12518399	223.125	-1
548.21	322.996	1.99773	0.0588906	7733759	258.508	-1
548.21	322.996	1.99773	0.0588906	7733759	85.6014	-1
547.881	383.462	2.26372	0.0744353	767	340.275	-1
547.865	329.281	2.34177	0.0826603	2491135	196.309	-1
430.423	525.463	6.20018	0.0896998	6030080	202.524	-1
430.423	525.463	6.20018	0.0896998	6030080	355.791	-1
546.927	334.055	1.98349	0.0723528	7209471	170.66	-1
546.927	334.055	1.98349	0.0723528	7209471	11.9518	-1
431.639	370.238	8.61968	0.119625	13172993	161.757	-1
431.639	370.238	8.61968	0.119625	13172993	357.144	-1
432.339	365.465	2.65343	0.124928	11535103	331.495	-1
432.635	557.077	2.20168	0.0432415	14746111	21.7983	-1
432.824	502.222	7.83737	0.0544558	6291713	71.9254	-1
433.083	671.667	2.13139	0.0484702	12386815	173.451	-1
433.663	707.642	2.53546	0.0451343	8258303	259.96	-1
546.792	361.505	2.68534	0.0746097	12387071	352.242	-1
434.375	506.368	2.56733	0.0558274	9110271	54.6071	-1
434.461	549.182	2.63357	0.0464553	10945279	7.31042	-1
436.171	703.602	3.33392	0.0740521	11338751	255.846	-1
436.537	699.416	2.18417	0.0567494	14156287	163.588	-1
546.792	361.505	2.68534	0.0746097	12387071	188.206	-1
546.274	368.353	4.72124	0.0472487	3080704	333.626	-1
439.646	408.112	6.56972	0.043442	10224384	289.23	-1
442.074	508.002	6.12633	0.0745877	5178112	74.6664	-1
442.538	358.386	11.2563	0.0656765	15794689	100.194	-1
546.274	368.353	4.72124	0.0472487	3080704	192.729	-1
444.914	466.605	6.12264	0.0864848	5178112	245.058	-1
444.914	466.605	6.12264	0.0864848	5178112	314.981	-1
546.156	356.087	2.20501	0.057043	14811647	167.949	-1
448.372	499.987	7.98604	0.0635838	7667969	4.91183	-1
543.505	391.831	25.9978	0.0514529	9503490	287.77	-1
543.439	369.586	2.15259	0.0625395	13107711	214.259	-1
543.379	372.922	2.20472	0.0612647	14811647	250.651	-1
540.565	350.097	1.89328	0.0487984	3801599	107.878	-1
451.981	469.447	3.31178	0.087543	10814463	243.226	-1
451.981	469.447	3.31178	0.087543	10814463	346.954	-1
452.129	430.169	15.543	0.057685	5701890	86.8586	-1
452.274	469.025	3.65557	0.0871264	1245440	247.008	-1
452.274	469.025	3.65557	0.0871264	1245440	339.97	-1
538.301	371.073	4.61464	0.0595512	1442304	297.977	-1
538.301	371.073	4.61464	0.0595512	1442304	88.6059	-1
455.607	775.836	3.22852	0.0741672	8979455	23.7233	-1
455.607	775.836	3.22852	0.0741672	8979455	243.886	-1
455.607	775.836	3.22852	0.0741672	8979455	265.308	-1
531.795	341.941	15.8273	0.0470603	7012610	31.984	-1
531.541	225.97	2.25441	0.0543491	16450047	266.312	-1
530.478	372.049	2.23892	0.0653167	15925759	308.59	-1
456.185	369.638	21.4455	0.0927334	12255746	105.694	-1
530.478	372.049	2.23892	0.0653167	15925759	133.232	-1
523.037	226.946	3.41972	0.068	13173759	262.993	-1
518.375	843.088	2.06229	0.0765112	10027519	357.619	-1
518.375	843.088	2.06229	0.0765112	10027519	248.146	-1
518.375	843.088	2.06229	0.0765112	10027519	182.944	-1
459.301	451.02	20.2944	0.0836477	8258050	231.483	-1
459.39	556.668	9.81717	0.0803476	5898753	249.228	-1
518.375	843.088	2.06229	0.0765112	10027519	89.6618	-1
517.573	814.4	2.54313	0.0422539	8454911	343.322	-1
515.251	499.468	8.82986	0.0921631	14942465	218.639	-1
460	486.5	9.03316	0.0947864	16580865	177.782	-1
512.355	551.176	8.59497	0.078386	12976385	266.904	-1
461.782	471.984	8.2842	0.0579448	10289409	237.891	-1
512.291	806.263	2.07872	0.047809	10551807	339.79	-1
512.291	806.263	2.07872	0.047809	10551807	299.777	-1
498.756	557.143	6.48101	0.0579441	9241344	281.202	-1
498.756	557.143	6.48101	0.0579441	9241344	247.105	-1
498.749	558.046	7.25429	0.0576459	721153	253.366	-1
465.211	670.547	1.80204	0.0408736	262655	88.026	-1
465.211	670.547	1.80204	0.0408736	262655	161.942	-1
497.6	229.816	4.07411	0.0657737	9109760	266.861	-1
497.55	547.502	7.70643	0.0785313	5112065	255.935	-1
497.55	547.502	7.70643	0.0785313	5112065	105.501	-1
497.55	547.502	7.70643	0.0785313	5112065	79.4591	-1
466.426	545.336	5.71832	0.0973102	197376	177.813	-1
466.426	545.336	5.71832	0.0973102	197376	358.005	-1
467.792	381.466	4.0992	0.0687009	9568512	199.298	-1
467.792	381.466	4.0992	0.0687009	9568512	246.638	-1
496.421	783.395	1.97129	0.0671708	6750719	354.282	-1
468.311	778.54	2.62748	0.0892421	10814207	82.9223	-1
468.311	778.54	2.62748	0.0892421	10814207	183.81	-1
468.311	778.54	2.62748	0.0892421	10814207	232.449	-1
496.421	783.395	1.97129	0.0671708	6750719	259.278	-1
496.421	783.395	1.97129	0.0671708	6750719	17.0554	-1
493.311	525.428	7.49251	0.0763719	3014913	232.345	-1
489.437	589.709	1.87376	0.0429894	3080703	4.51221	-1
487.892	503.569	10.2428	0.07323	8978945	108.99	-1
487.892	503.569	10.2428	0.07323	8978945	53.6852	-1
487.339	540.576	8.59795	0.0942185	12976385	240.684	-1
472.522	378.286	3.09151	0.0865377	5833727	185.49	-1
472.522	378.286	3.09151	0.0865377	5833727	310.163	-1
487.244	260.237	2.64599	0.0418841	11338495	263.353	-1
486.898	760.616	2.02474	0.0705378	8651263	25.8246	-1
485.034	553.78	8.85516	0.0726063	15139073	254.108	-1
485.016	521.024	6.23244	0.0965079	6423296	191.037	-1
485.016	521.024	6.23244	0.0965079	6423296	8.61942	-1
482.89	442.515	2.11078	0.0468659	11665919	214.912	-1
473.919	560.07	6.64605	0.0608248	11076352	238.036	-1
473.919	560.07	6.64605	0.0608248	11076352	284.665	-1
479.371	476.264	27.4883	0.045639	13501186	223.412	-1
478.043	380.072	2.09918	0.0405622	11272703	327.529	-1
476.398	532.102	9.56623	0.0555855	3998209	359.103	-1
476.398	532.102	9.56623	0.0555855	3998209	197.612	-1
475.206	300.538	83.5201	0.0660225	10355204	269.513	-1
475.901	506.875	2.11415	0.0454531	11796991	29.8842	-1
655.418	622.048	61.6706	0.040139	5112068	3.09079	-1
570.062	735.363	3.07453	0.021277	5440511	192.626	-1
639.398	839.432	2.04964	0.0258158	9568767	354.766	-1
631.43	730.616	7.83015	0.0223121	6226177	18.6073	-1
474.616	376.15	1.88958	0.0397043	3670527	308.888	-1
630.66	851.129	2.6413	0.0217486	11207423	209.047	-1
477.01	501.249	1.82361	0.0365312	1114623	41.358	-1
630.308	206.971	2.14461	0.0220132	12845567	63.8955	-1
474.465	261.703	2.92941	0.0391749	1967103	269.952	-1
158.437	213.647	1.90499	0.0259737	4260351	86.7511	-1
474.454	590.351	1.95745	0.0216432	6226431	19.9298	-1
162.878	212.971	2.30367	0.0354851	1311487	107.404	-1
481.013	588.807	2.07967	0.0240515	10617343	357.404	-1
481.149	587.551	2.52112	0.0253036	7799551	3.71555	-1
628.017	516.858	4.94397	0.0284415	6423040	6.37646	-1
627.916	819.794	3.87083	0.0317831	5439744	224.991	-1
482.453	596.831	1.97357	0.0241513	6816255	279.27	-1
162.878	212.971	2.30367	0.0354851	1311487	289.888	-1
169.01	217.866	1.92673	0.024282	5112319	120.602	-1
627.446	556.866	6.31383	0.0288152	7406336	9.16425	-1
484.408	599.939	1.93688	0.0220703	5439999	182.575	-1
475.491	265.535	1.86446	0.0217727	2687487	42.2702	-1
472.988	528.893	41.2382	0.0384313	9437699	239.689	-1
627.432	820.269	3.57229	0.0321316	16319487	222.696	-1
485.453	592.841	3.40383	0.0214067	12846079	269.631	-1
486.378	527.115	2.14626	0.0316231	12911103	68.3125	-1
472.757	586.645	4.38115	0.0214519	14352640	280.879	-1
486.98	586.679	2.06624	0.0359124	10158591	12.9782	-1
472.757	586.645	4.38115	0.0214519	14352640	171.645	-1
471.879	779.681	2.17946	0.0228562	14025215	201.839	-1
626.821	518.836	5.84986	0.0281572	1835776	5.25418	-1
625.953	504.319	2.0713	0.0213836	10289663	41.5485	-1
471.534	585.343	1.86195	0.0227831	2621951	172.799	-1
487.953	802.813	32.6879	0.0338365	9306371	328.493	-1
173.706	864.798	2.36785	0.0219938	3277567	171.931	-1
488.273	598.919	4.91353	0.0251264	5964288	67.1961	-1
488.273	598.919	4.91353	0.0251264	5964288	288.638	-1
471.523	591.5	2.15328	0.0227548	13107711	178.199	-1
625.217	576.607	7.8121	0.0227362	6095105	358.484	-1
489.552	583.596	2.60286	0.0271866	10158847	249.584	-1
624.788	529.983	5.34606	0.0221206	12059136	1.71851	-1
623.423	834.116	3.83271	0.0219636	4718848	23.3931	-1
623.354	756.734	9.55535	0.0349723	3932673	12.3347	-1
622.964	530.605	2.02922	0.0254468	8847871	2.18451	-1
491.458	257.254	3.21583	0.0240246	8717311	263.903	-1
492.137	586.907	2.33931	0.0350555	2425599	177.451	-1
492.628	592.323	3.24894	0.0328173	9438207	259.895	-1
622.829	512.831	4.20763	0.0395646	11469056	1.26559	-1
622.51	235.81	2.123	0.0235926	12124671	248.093	-1
494.165	601.758	1.89774	0.03121	3998207	79.1773	-1
621.699	508.101	1.93481	0.0231236	5374463	15.7758	-1
620.413	553.341	5.38113	0.027466	12517888	28.5352	-1
619.778	842.484	2.56266	0.0336574	8979199	244.23	-1
468.497	674.225	9.81656	0.0352239	5898753	31.1955	-1
468.03	259.168	1.93536	0.033958	5439999	268.851	-1
496.8	260.191	4.31288	0.0340337	13238528	265.817	-1
496.819	582.879	1.86029	0.0270305	2556415	204.358	-1
496.819	582.879	1.86029	0.0270305	2556415	341.911	-1
496.905	598.568	2.15172	0.0389431	13042175	137.77	-1
496.922	586.536	3.94495	0.0276602	6750464	115.224	-1
618.442	834.124	2.09683	0.0222621	11207167	12.8883	-1
177.073	220.044	2.4486	0.0248949	5702399	92.3256	-1
617.187	559.125	1.84243	0.0264096	1835519	15.8533	-1
181.433	220.628	2.00303	0.0214732	7864831	100.769	-1
465.383	262.04	3.08883	0.0319149	5768191	269.592	-1
187.061	247.206	2.61024	0.0216927	10355455	287.923	-1
190.771	223.595	2.6839	0.0259641	12321535	116.784	-1
616.605	569.251	2.06041	0.0269028	9961983	38.7183	-1
464.537	935.425	2.72482	0.0264308	13435647	81.1044	-1
616.605	569.251	2.06041	0.0269028	9961983	11.6189	-1
191.592	252.212	3.26623	0.0222918	9831423	279.201	-1
193.309	376.956	27.3516	0.0214441	13173506	180.917	-1
500.655	233.616	3.14148	0.021479	7013375	77.6497	-1
501.131	585.367	2.52828	0.0272576	7996159	346.204	-1
194.412	225.395	2.38384	0.0242497	3801855	114.911	-1
194.719	249.51	2.74791	0.0215275	14025471	277.792	-1
501.983	606.438	5.47821	0.0312602	13828608	99.4798	-1
502.417	596.508	2.0279	0.0224283	8782335	177.985	-1
503.298	581.685	2.74657	0.0228045	14025471	252.405	-1
503.931	587.483	1.93213	0.0306672	5308927	3.19611	-1
503.931	587.483	1.93213	0.0306672	5308927	189.361	-1
504.642	600.153	2.12454	0.0259413	12124671	96.9158	-1
505.234	777.737	11.6692	0.0264962	1639169	328.057	-1
203.024	253.59	2.55557	0.0255677	8782591	275.336	-1
203.945	227.193	3.15545	0.0262719	7341055	98.605	-1
205.6	251.395	2.15976	0.0277438	13369855	271.799	-1
614.871	852.311	1.93064	0.0296931	5243391	258.132	-1
506.145	259.05	3.3156	0.0304784	10945535	260.611	-1
506.321	583.878	1.8397	0.0252135	1769983	2.38275	-1
506.321	583.878	1.8397	0.0252135	1769983	160.831	-1
507.887	598.905	2.28728	0.02194	787199	32.2538	-1
508.084	814.901	10.7383	0.0261983	12386817	339.151	-1
508.288	255.456	2.54293	0.0285604	8454911	260.419	-1
614.871	852.311	1.93064	0.0296931	5243391	212.736	-1
209.057	254.183	3.21214	0.030863	8651775	274.324	-1
210.307	228.176	3.0421	0.0258264	4719615	99.5861	-1
508.978	548.801	2.2539	0.0278752	16450047	79.9133	-1
212.193	251.943	1.99276	0.0252884	7537151	285.065	-1
217.077	228.408	2.5006	0.0283334	7209727	93.5281	-1
221.899	252.896	4.43302	0.0251951	15204608	277.142	-1
510.472	587.058	1.93205	0.0212253	5308927	117.549	-1
511.694	599.492	1.944	0.024508	5702143	87.1989	-1
463.441	402.884	2.09833	0.0232719	11272703	81.9715	-1
461.947	655.214	8.39136	0.0212537	11206913	152.098	-1
222.856	229.572	2.66096	0.0238475	11731711	103.427	-1
613.524	323.989	21.0089	0.0400865	10748418	2.33154	-1
228.33	229.885	1.89207	0.0260788	3801599	100.129	-1
613.424	838.502	1.9048	0.0248123	4260351	68.1067	-1
613.424	838.502	1.9048	0.0248123	4260351	26.9752	-1
232.02	255.454	1.89834	0.0259814	3998207	277.098	-1
513.154	596.077	5.03868	0.0217846	7799296	351.701	-1
234.839	228.147	2.08804	0.0296606	10879487	280.273	-1
245.685	259.365	1.94378	0.0325125	5702143	273.977	-1
514.555	597.106	2.02814	0.0243178	8782335	340.508	-1
459.965	345.612	2.49297	0.0307362	7013119	221.059	-1
276.388	237.097	3.10688	0.0316523	6226943	93.7576	-1
516.513	254.772	2.4548	0.0310402	5899007	267.478	-1
285.259	260.129	3.72732	0.0260155	2687232	273.708	-1
297.121	639.198	5.49499	0.0396616	14025216	235.495	-1
611.537	585.738	26.0667	0.0313032	9634562	5.09717	-1
459.965	345.612	2.49297	0.0307362	7013119	73.0883	-1
610.7	365.877	2.09864	0.0230597	11272703	219.004	-1
458.665	700.086	5.37418	0.0244384	12452352	286.927	-1
458.665	700.086	5.37418	0.0244384	12452352	4.11453	-1
610.391	681.988	2.23668	0.0334913	15860223	0.0236816	-1
315.064	264.654	1.93915	0.0275196	5571071	274.071	-1
519.697	836.767	5.30182	0.0216147	11469312	332.662	-1
520.234	230.381	2.51215	0.0262722	7537407	85.2676	-1
609.892	747.872	2.16975	0.033161	13697535	0.193359	-1
609.851	756.372	2.10098	0.0329379	11338239	359.73	-1
609.634	352.242	10.619	0.0356189	11534849	227.192	-1
521.908	223.524	2.64292	0.034859	11207423	262.163	-1
609.634	352.242	10.619	0.0356189	11534849	141.573	-1
609.412	795.291	1.90976	0.0352433	4456959	0.201721	-1
523.741	829.473	2.5618	0.0360903	8979199	338.994	-1
609.152	829.78	1.96176	0.0328247	6357503	358.326	-1
526.36	500.807	4.22331	0.0334881	11731200	187.521	-1
608.929	563.631	2.58039	0.0304669	9503487	249.151	-1
527.723	223.59	2.43511	0.0335759	5309183	267.307	-1
607.831	361.708	6.16427	0.0317398	5636864	222.579	-1
529.951	252.876	2.46517	0.0343224	6226687	259.919	-1
607.707	848.18	2.49831	0.0378043	7144191	1.06439	-1
530.126	374.988	1.98927	0.0259128	7406079	128.046	-1
316.272	265.515	3.51257	0.0269882	15074303	277.365	-1
455.869	347.981	2.95999	0.0314173	2687999	244.408	-1
530.519	650.155	4.91691	0.0374015	6029824	126.796	-1
606.321	571.608	7.84051	0.0213432	6357249	352.731	-1
606.136	559.237	1.84388	0.031932	1901055	39.1354	-1
455.869	347.981	2.95999	0.0314173	2687999	79.619	-1
455.613	564.845	2.2358	0.0339267	15860223	289.469	-1
532.519	376.667	2.00794	0.0266284	8061439	120.494	-1
605.837	367.436	2.92172	0.0339686	1770495	221.311	-1
537.566	233.98	2.08249	0.0344904	10682879	147.032	-1
537.914	317.477	2.58717	0.0299216	9700095	49.4933	-1
605.71	367.781	2.73851	0.0340481	13828863	220.955	-1
604.592	608.119	3.37785	0.0213509	12256255	247.804	-1
540.337	837.814	3.94073	0.031098	6684928	204.083	-1
540.372	838.29	3.49108	0.0312661	14681087	203.983	-1
451.024	464.929	2.04392	0.0365087	9372159	344.656	-1
540.623	237.204	1.86853	0.0215265	2884095	316.369	-1
541.311	250.527	2.56716	0.0242696	9110271	264.925	-1
541.951	665.741	9.41636	0.0275823	2884097	128.24	-1
542.413	851.53	8.19982	0.0243233	9568513	230.873	-1
543.191	231.041	5.42086	0.0282699	13042176	78.8699	-1
543.331	379.101	2.40869	0.035474	4522751	86.7239	-1
450.887	559.833	2.0591	0.0378155	9896447	337.2	-1
449.964	779.099	1.90319	0.0233055	4194815	252.368	-1
449.166	736.955	42.2029	0.0367689	11076099	328.996	-1
543.548	652.189	10.2	0.0215652	8651265	129.124	-1
544.139	231.345	5.84103	0.02827	1770240	78.0683	-1
448.121	260.853	2.24005	0.0304803	15991295	263.261	-1
604.229	330.201	2.13228	0.0239916	12386815	140.225	-1
438.333	364.616	2.15016	0.0382077	13042175	339.051	-1
436.802	487.458	9.52042	0.0244907	3670529	231.366	-1
603.915	620.356	12.5976	0.0345338	7209729	0.773041	-1
602.232	243.387	2.11728	0.0275154	11928063	250.345	-1
320.479	357.634	2.3401	0.032154	2425599	10.0457	-1
430.262	419.753	4.21971	0.0219658	11665664	324.779	-1
324.535	264.326	1.93687	0.0332294	5439999	269.479	-1
600.063	241.528	1.97469	0.0239855	6881791	255.655	-1
429.392	434.025	2.17118	0.0395614	13697535	128.09	-1
599.927	830.095	16.871	0.0277781	11600130	349.302	-1
427.037	332.639	2.18505	0.0311006	14156287	82.81	-1
426.945	431.821	2.03653	0.0388247	9110015	130.569	-1
599.83	562.866	2.6507	0.0378602	11469567	68.3876	-1
424.87	362.54	2.19474	0.0395839	14483967	204.184	-1
324.796	350.377	2.86158	0.0352769	263167	43.6505	-1
424.321	667.755	3.37147	0.0342931	12125183	68.8258	-1
598.69	381.423	2.4228	0.024867	4915967	219.744	-1
327.488	274.99	3.84616	0.0220627	4915456	328.641	-1
598.111	366.875	10.0777	0.0279749	7799297	228.449	-1
419.19	261.522	1.84069	0.0305011	1769983	269.325	-1
597.081	571.794	1.89023	0.023465	3670527	258.92	-1
411.421	342.675	2.42139	0.037153	4915967	224.494	-1
411.421	342.675	2.42139	0.037153	4915967	25.9285	-1
411.406	491.771	3.41455	0.0223084	13042687	251.06	-1
409.789	427.041	5.1149	0.0211627	8847872	197.696	-1
409.002	407.195	3.58833	0.0280727	16647167	295.305	-1
409.002	407.195	3.58833	0.0280727	16647167	146.898	-1
597.081	571.794	1.89023	0.023465	3670527	234.621	-1
408.338	416.931	3.37461	0.0275044	12190719	264.336	-1
328.686	561.167	22.3765	0.0393733	15335938	114.263	-1
329.055	369.7	3.8104	0.0364411	4260096	23.522	-1
408.027	265.175	2.78248	0.0289054	14942975	269.528	-1
554.501	382.271	7.92044	0.0246047	7078145	58.9229	-1
554.565	345.417	6.45697	0.0290077	8979200	91.0377	-1
407.671	509.896	5.17816	0.0324102	9765376	216.516	-1
407.671	509.896	5.17816	0.0324102	9765376	45.6827	-1
407.6	735.826	1.79777	0.0246356	66047	348.289	-1
407.6	735.826	1.79777	0.0246356	66047	294.445	-1
406.831	262.358	1.94095	0.028966	5636607	270.45	-1
555.841	674.581	6.65353	0.0217482	11141888	144.443	-1
556.078	323.14	2.11693	0.032877	11862527	297.289	-1
596.721	366.406	4.81826	0.0374294	4522496	238.268	-1
556.248	774.802	8.96488	0.0283298	15991041	197.183	-1
404.507	510.262	2.5963	0.0273634	9962239	297.153	-1
329.808	617.258	9.50696	0.028333	3539457	269.236	-1
329.826	346.458	2.45771	0.0287482	5964543	58.752	-1
596.193	320.173	1.91621	0.0263067	4719103	139.84	-1
596.157	604.914	1.86984	0.0385652	2949631	2.76779	-1
399.659	262.306	1.94976	0.0271645	5964287	269.683	-1
557.942	349.773	2.09787	0.0309355	11272703	206.372	-1
330.626	271.155	2.64187	0.0279728	11207423	72.4402	-1
330.942	341.83	3.48662	0.0290405	14550015	55.9637	-1
331.821	264.58	2.21527	0.0285991	15204863	271.561	-1
594.731	242.268	2.01855	0.0242662	8454655	260.823	-1
331.843	238.523	2.12129	0.0236606	12059135	100.767	-1
333.865	316.176	5.19028	0.0269506	9896448	51.5251	-1
394.188	264.557	1.86037	0.0332964	2556415	264.709	-1
594.597	385.849	2.04612	0.0236699	9437695	222.953	-1
333.865	316.176	5.19028	0.0269506	9896448	210.983	-1
594.442	567.559	7.58419	0.0302101	3932417	253.083	-1
391.968	685.911	3.22229	0.0391296	8848383	79.1068	-1
594.442	567.559	7.58419	0.0302101	3932417	68.815	-1
391.499	263.05	1.87166	0.0317134	3015167	271.973	-1
333.865	316.176	5.19028	0.0269506	9896448	303.726	-1
561.167	681.892	5.29389	0.0229641	11338240	155.194	-1
593.31	362.161	2.20516	0.0386296	14877183	353.32	-1
591.976	388.589	2.07873	0.0255275	10551807	221.8	-1
591.116	350.077	3.06411	0.0254858	5243903	9.20343	-1
387.128	413.531	2.49175	0.0264841	6947583	66.6715	-1
382.2	587.197	5.12672	0.0365011	9044480	244.188	-1
335.55	279.292	10.2618	0.0358165	9110017	270.294	-1
378.764	399.59	1.97879	0.0244775	7012863	78.1461	-1
377.165	485.978	4.34398	0.0255014	13762816	2.77878	-1
376.635	347.185	1.97042	0.0348546	6685183	247.147	-1
564.284	368.425	1.9044	0.0320898	4260351	65.4084	-1
376.635	347.185	1.97042	0.0348546	6685183	112.876	-1
564.663	739.802	12.1089	0.02406	4326145	192.988	-1
375.622	434.164	3.37789	0.0246709	12256255	232.638	-1
588.663	369.348	2.44203	0.0354328	5505791	167.027	-1
336.67	343.466	2.72274	0.0291895	13370111	60.6326	-1
373.88	683.131	2.24917	0.0243183	16253439	89.4894	-1
372.501	724.408	2.11317	0.0396667	11796991	237.03	-1
586.391	394.432	1.8365	0.0262924	1638911	224.383	-1
372.146	424.075	3.90074	0.0256048	5964032	50.4909	-1
336.923	337.754	4.48096	0.0276545	15991040	53.8969	-1
370.416	264.84	2.23572	0.0313868	15860223	262.58	-1
585.056	244.285	2.56187	0.0279479	8979199	260.434	-1
336.967	611.24	5.03993	0.0384215	7799296	237.934	-1
369.139	346.068	3.68721	0.0359244	1900800	286.881	-1
584.326	383.273	1.91151	0.0276136	4522495	56.0846	-1
369.139	346.068	3.68721	0.0359244	1900800	113.752	-1
368.599	345.74	3.49477	0.0356104	14746623	288.346	-1
584.326	330.543	3.58518	0.0355419	16581631	359.999	-1
584.326	330.543	3.58518	0.0355419	16581631	168.338	-1
368.599	345.74	3.49477	0.0356104	14746623	109.155	-1
367.465	262.452	2.4609	0.0315679	6095615	266.316	-1
366.543	336.486	3.56793	0.0370486	16253951	109.332	-1
340.707	347.809	2.30351	0.0234679	1311487	314.263	-1
582.621	570.852	8.57711	0.0343604	12845313	258.311	-1
364.398	428.033	2.1058	0.025418	11534847	60.4713	-1
363.875	348.094	1.95865	0.0323884	6291967	289.977	-1
582.621	570.852	8.57711	0.0343604	12845313	70.7537	-1
343.712	356.235	2.59623	0.028681	9962239	60.5001	-1
581.455	569.84	2.05533	0.0217708	9765375	357.568	-1
362.02	629.97	62.6689	0.0321218	6291716	269.438	-1
361.112	330.191	4.1362	0.0276173	10223872	100.042	-1
570.659	406.027	2.00935	0.0248264	8126975	241.683	-1
345.509	420.027	3.43811	0.0301874	13566975	65.0018	-1
345.556	280.175	3.42134	0.0269986	13173759	235.357	-1
571.28	367.702	3.77402	0.0337527	3604736	71.0269	-1
346.437	330.571	4.24782	0.0296331	12124416	66.654	-1
578.326	329.605	1.8855	0.0345528	3539455	349.993	-1
359.453	336.598	4.39983	0.0317341	14680320	95.0537	-1
358.475	410.993	2.59625	0.0259534	9962239	57.7984	-1
578.322	245.841	2.2384	0.0288037	15925759	259.614	-1
358.063	432.451	3.36471	0.0254976	11994111	60.123	-1
346.795	271.235	3.45553	0.0365628	13894655	67.025	-1
357.779	266.178	4.98242	0.0335676	6947328	268.442	-1
578.069	365.576	3.30603	0.0362059	10683391	78.5665	-1
346.795	271.235	3.45553	0.0365628	13894655	228.582	-1
355.366	424.07	2.22405	0.0242145	15467007	239.192	-1
347.346	427.827	2.4474	0.0280963	5702399	249.367	-1
573.372	378.246	3.98051	0.0328336	7405824	70.097	-1
573.372	378.246	3.98051	0.0328336	7405824	323.354	-1
574.117	704.737	1.92051	0.0400428	4850175	129.681	-1
574.117	704.737	1.92051	0.0400428	4850175	196.141	-1
574.144	246.313	2.36444	0.0275345	3212031	260.998	-1
354.71	413.565	2.11196	0.025112	11731455	53.671	-1
347.685	275.29	2.52982	0.0212769	8061695	231.551	-1
574.672	323.042	1.87265	0.0306379	3015167	324.573	-1
352.421	434.075	2.1418	0.0237429	12714495	68.7545	-1
576.24	248.942	2.55899	0.0318322	8913663	261.408	-1
349.419	335.784	2.03369	0.0273719	8978943	71.8746	-1
349.962	358.021	4.16646	0.0376208	10748160	71.4182	-1
349.435	266.516	3.06217	0.0291247	5178367	269.091	-1
349.419	335.784	2.03369	0.0273719	8978943	251.957	-1
577.36	323.133	3.81218	0.0265146	4325632	326.654	-1
473.062	665.23	2.25178	0.021153	16384511	73.9374	-1
457.447	237.864	3.70496	0.01905	2228480	80.5037	-1
354.803	345.852	2.1902	0.0168555	14352895	101.123	-1
356.388	348.54	2.01332	0.0190463	8258047	103.524	-1
640.753	851.296	2.02785	0.0165646	8782335	357.772	-1
357.984	350.048	3.70995	0.0185045	2359552	213.556	-1
640.745	200.866	2.69676	0.0173379	12714751	265.5	-1
360.601	325.878	2.24138	0.0166368	16056831	269.044	-1
640.745	200.866	2.69676	0.0173379	12714751	46.1387	-1
632.072	587.142	2.46204	0.0171949	6095615	357.829	-1
630.43	535.247	4.91167	0.0176628	5898752	2.73071	-1
482.039	600.365	3.06375	0.0202817	5178367	307.638	-1
344.417	276.153	2.32763	0.0181077	2032383	238.398	-1
344.153	335.473	2.24592	0.0173413	16187903	58.6617	-1
570.373	713.276	4.35161	0.0184587	13893888	176.909	-1
362.134	443.349	2.05919	0.0187987	9896447	249.27	-1
473.062	665.23	2.25178	0.021153	16384511	321.439	-1
484.359	582.103	1.97065	0.0173586	6685183	247.497	-1
350.912	263.541	1.80227	0.0206319	262655	267.709	-1
569.697	717.549	7.70019	0.0188421	5046529	181.972	-1
341.968	327.906	2.82552	0.0166297	16057087	239.71	-1
341.427	436.935	2.56799	0.0174245	9175807	78.142	-1
484.359	582.103	1.97065	0.0173586	6685183	284.868	-1
472.844	738.061	2.05919	0.0192856	9896447	354.942	-1
487.343	763.782	1.89527	0.0166972	3867135	280.119	-1
568.473	707.392	2.31139	0.0183888	1508095	217.342	-1
567.437	700.826	5.23326	0.018529	10486272	163.65	-1
471.766	589.209	2.21282	0.0203786	15073791	177.48	-1
339.354	421.192	1.91749	0.0194935	4719103	69.1693	-1
625.921	524.3	1.93521	0.0197186	5374463	33.1147	-1
624.805	570.186	2.74718	0.0178857	14025471	346.01	-1
623.936	565.731	2.02229	0.017103	8585727	353.787	-1
623.936	565.731	2.02229	0.017103	8585727	52.6116	-1
337.947	313.865	2.21217	0.0209106	15073791	222.246	-1
337.947	313.865	2.21217	0.0209106	15073791	78.9361	-1
623.445	715.277	4.18976	0.0196421	11141376	28.6044	-1
369.43	439.705	1.99102	0.0208818	7471615	239.845	-1
566.997	742.185	3.39035	0.0168273	12518399	196.458	-1
490.085	759.066	2.22157	0.0186574	15401471	334.107	-1
372.47	437.443	1.99867	0.0205206	7733759	237.353	-1
587.602	222.998	4.10858	0.0173739	9699584	71.822	-1
565.396	691.401	4.79566	0.0175729	4194816	160.745	-1
336.6	311.575	1.98143	0.0176267	7078399	77.4166	-1
470.081	774.44	2.74504	0.0166536	13959935	94.9864	-1
493.574	784.934	1.82677	0.0192136	1245695	350.123	-1
374.503	445.446	2.09723	0.0170075	11207167	58.8742	-1
588.695	576.204	4.36266	0.0167063	14090496	250.302	-1
336.141	329.787	4.6521	0.0179517	1966592	239.794	-1
621.807	847.019	4.81916	0.0197081	4522496	241.794	-1
380.518	442.06	2.55706	0.0171334	8848127	54.8342	-1
388.329	238.748	2.541	0.0166865	8389375	90.0804	-1
495.87	741.168	3.65536	0.0174359	1245440	333.099	-1
390.505	935.94	2.83501	0.0208407	16319231	89.7269	-1
496.171	707.328	2.22826	0.0187239	15598079	72.4906	-1
592.4	750.533	2.0214	0.0165444	8585727	335.656	-1
175.279	209.961	5.16323	0.0171501	9568768	281.103	-1
561.471	708.848	3.31646	0.0178832	10945535	259.001	-1
180.981	832.091	3.28269	0.0176718	10224639	183.564	-1
465.682	236.83	3.71362	0.0181808	2425088	85.7813	-1
181.121	821.539	3.54726	0.0200255	15795199	183.759	-1
616.672	774.373	2.93382	0.0175596	2098175	158.129	-1
463.546	666.883	3.36494	0.0176271	11994111	159.447	-1
393.301	398.49	1.84178	0.0192466	1835519	97.1325	-1
501.861	591.16	2.75555	0.0169663	14222079	97.8458	-1
501.861	591.16	2.75555	0.0169663	14222079	248.46	-1
505.465	596.818	1.81806	0.0207547	918015	37.6104	-1
395.558	758.802	2.08706	0.0192156	10879487	265.745	-1
331.363	267.875	1.95947	0.0184014	6291967	265.254	-1
396.251	503.998	2.65444	0.0168855	11535103	229.898	-1
398.195	429.219	3.80255	0.0204209	4129024	57.605	-1
400.048	500.935	2.49589	0.0183684	7078655	230.083	-1
401.359	426.577	2.70326	0.0191514	12845823	69.159	-1
615.372	578.57	1.84572	0.0167169	1966591	347.763	-1
403.224	430.915	7.91083	0.0202304	6947073	220.132	-1
406.101	425.074	2.60641	0.0194096	10224383	82.7312	-1
506.01	594.92	3.74165	0.0188281	2949376	56.9112	-1
206.431	899.851	2.39693	0.0168823	4195071	299.518	-1
408.788	427.656	5.86314	0.0208406	2032384	202.167	-1
414.012	334.902	2.08431	0.0168059	10748415	51.0637	-1
506.01	594.92	3.74165	0.0188281	2949376	259.036	-1
597.465	899.6	2.07276	0.0177975	10355199	240.829	-1
327.859	261.79	1.93787	0.0175438	5505535	268.336	-1
508.516	590.037	3.42639	0.021018	13304831	271.335	-1
419.529	800.509	1.99247	0.020778	7537151	30.2374	-1
420.23	238.195	2.53176	0.0201605	8127231	88.3214	-1
326.039	359.357	4.55333	0.0168231	459264	348.152	-1
420.309	238.315	2.68568	0.0199954	12387071	88.6238	-1
599.199	560.039	1.96062	0.0199673	6357503	67.0024	-1
614.414	564.237	4.52064	0.0186963	16646400	248.363	-1
424.356	322.022	4.15874	0.0168012	10617088	274.227	-1
614.414	564.237	4.52064	0.0186963	16646400	20.3329	-1
426.206	798.997	2.52181	0.017257	7865087	133.621	-1
614.392	552.463	2.63395	0.018452	11010815	26.6165	-1
508.806	581.911	2.00958	0.0178423	8126975	14.5157	-1
429.992	626.928	21.6778	0.0211417	13042178	83.214	-1
429.992	626.928	21.6778	0.0211417	13042178	349.092	-1
430.904	238.404	3.09877	0.0186149	6030335	88.5637	-1
508.899	585.105	1.86941	0.0211411	2884095	157.047	-1
210.326	902.097	1.99533	0.017039	7602687	299.415	-1
213.307	903.664	1.96929	0.0183901	6685183	299.603	-1
433.807	392.56	2.4194	0.0190631	4850431	62.5871	-1
442.976	495.564	3.41206	0.0210639	12977151	188.936	-1
509.723	788.506	4.28	0.0202064	12648704	326.392	-1
453.194	665.275	9.90256	0.0174943	6488577	149.376	-1
317.107	237.972	2.09341	0.0208839	11076095	90.5291	-1
316.729	364.853	3.84983	0.0199454	5046528	341.438	-1
512.408	579.528	2.05679	0.0183842	9830911	122.139	-1
455.196	639.867	6.53472	0.0179345	9831168	160.607	-1
223.604	908.829	2.30594	0.0172335	1377023	292.359	-1
531.275	643.577	4.09714	0.0180811	9502976	123.319	-1
512.408	579.528	2.05679	0.0183842	9830911	236.768	-1
316.729	364.853	3.84983	0.0199454	5046528	207.59	-1
457.155	779.339	2.06213	0.0167257	10027519	247.553	-1
512.408	579.528	2.05679	0.0183842	9830911	308.341	-1
228.427	221.1	5.05394	0.0165622	7995904	278.894	-1
513.118	798.012	4.07062	0.0174979	9044224	336.973	-1
513.81	591.804	1.93842	0.0209289	5505535	359.393	-1
525.152	834.547	2.7316	0.0205037	13632255	330.686	-1
516.122	809.183	1.91345	0.0175874	4588031	336.597	-1
517.328	773.427	2.14966	0.0178651	12976639	222.767	-1
522.403	651.106	6.23915	0.0198247	6488832	100.321	-1
311.16	237.909	2.18557	0.0195714	14221823	95.3906	-1
458.397	341.356	3.38313	0.0210482	12387327	80.9471	-1
520.713	820.335	3.14068	0.0183536	7013375	339.622	-1
354.481	338.024	2.27072	0.0162915	262911	3.56989	-1
479.657	577.899	8.87474	0.0162783	15270145	88.3626	-1
