375.033	508.891	2.47446	0.0686638	6488831	358.959	-1
544.641	333.513	23.6749	0.0684504	2687746	125.035	-1
544.641	333.513	23.6749	0.0684504	2687746	60.7332	-1
543.822	492.362	1.88081	0.0612841	3342847	211.704	-1
543.822	492.362	1.88081	0.0612841	3342847	126.622	-1
543.822	492.362	1.88081	0.0612841	3342847	14.8966	-1
192.916	453.458	2.62388	0.0858927	10683135	182.177	-1
196.673	459.958	2.34092	0.055143	2425599	258.085	-1
196.673	459.958	2.34092	0.055143	2425599	350.222	-1
542.872	366.445	20.8948	0.0885494	10355202	308.162	-1
542.872	366.445	20.8948	0.0885494	10355202	160.21	-1
541.438	505.439	2.3864	0.0507448	3867391	326.143	-1
541.438	505.439	2.3864	0.0507448	3867391	185.185	-1
541.138	560.534	2.22661	0.0790615	15532543	355.838	-1
541.138	560.534	2.22661	0.0790615	15532543	209.11	-1
540.935	481.356	4.72207	0.0530505	3080704	90.3894	-1
210.219	381.144	11.3389	0.0579023	16318977	164.274	-1
540.775	498.334	5.10632	0.0515307	8716800	3.81812	-1
540.462	552.617	1.8348	0.0833455	1573375	176.953	-1
540.462	552.617	1.8348	0.0833455	1573375	5.40604	-1
538.336	828.198	2.22438	0.0699039	15467007	348.076	-1
538.336	828.198	2.22438	0.0699039	15467007	172.547	-1
535.261	843.147	2.26644	0.0706393	131839	211.227	-1
535.261	843.147	2.26644	0.0706393	131839	29.739	-1
213.568	479.764	33.2313	0.0601168	10486019	183.506	-1
534.367	550.72	5.66779	0.0508576	16253440	298.047	-1
533.589	845.622	2.56189	0.0675379	8979199	38.7316	-1
533.46	824.669	2.0682	0.0531385	10224127	322.67	-1
216.388	454.157	2.00132	0.0514454	7864831	247.887	-1
532.435	842.385	1.95901	0.0656082	6291967	32.8945	-1
531.918	551.635	2.39529	0.0582731	4129535	3.95117	-1
531.123	839.714	1.87762	0.0608528	3211775	69.5032	-1
218.757	384.598	25.11	0.0815751	6947586	3.33368	-1
218.757	384.598	25.11	0.0815751	6947586	176.832	-1
530.012	494.545	3.33189	0.0667313	11273215	177.278	-1
529.743	825.013	5.20461	0.0628398	10093056	269.669	-1
220.993	876.967	2.61952	0.0525345	10617599	174.416	-1
221.568	890.864	2.65749	0.0510875	11600639	181.217	-1
221.605	883.851	3.06635	0.0596766	5243903	177.703	-1
222.586	342.612	4.18631	0.0564481	11075840	109.238	-1
223.231	450.71	5.50058	0.0630378	14090752	169.652	-1
529.666	818.897	3.3365	0.0713239	11404287	268.856	-1
529.666	818.897	3.3365	0.0713239	11404287	71.6889	-1
528.423	554.102	3.13019	0.052219	6751231	170.126	-1
528.216	481.891	5.3767	0.0586429	12452352	115.023	-1
224.012	333.798	6.99357	0.0526447	14746368	249.151	-1
224.012	333.798	6.99357	0.0526447	14746368	354.846	-1
528.216	481.891	5.3767	0.0586429	12452352	76.4517	-1
224.201	332.47	7.79971	0.0523574	5964033	7.17242	-1
224.201	332.47	7.79971	0.0523574	5964033	257.969	-1
225.728	347.443	3.28026	0.0571746	10159103	99.4347	-1
225.728	347.443	3.28026	0.0571746	10159103	214.135	-1
526.359	505.302	4.93816	0.0559404	6291968	283.406	-1
231.37	666.598	41.976	0.0643155	10682883	179.278	-1
231.696	341.205	6.92248	0.0609185	14025472	351.816	-1
232.287	899.744	18.5355	0.0756963	1704450	98.7156	-1
232.287	899.744	18.5355	0.0756963	1704450	169.777	-1
525.908	557.846	1.91124	0.0781379	4522495	162.936	-1
524.879	548.784	1.83352	0.0489052	1507839	167.8	-1
524.879	548.784	1.83352	0.0489052	1507839	142.833	-1
524.828	552.348	2.03033	0.0549014	8847871	168.965	-1
524.518	841.913	1.88135	0.0523252	3342847	58.1833	-1
523.934	489.913	2.42121	0.0562361	4915967	171.492	-1
523.934	489.913	2.42121	0.0562361	4915967	4.5166	-1
522.801	823.392	2.49769	0.068454	7144191	221.492	-1
242.151	886.56	36.8341	0.0714513	1245699	107.514	-1
242.151	886.56	36.8341	0.0714513	1245699	168.454	-1
521.856	545.953	2.55579	0.0815808	8782591	165.757	-1
242.542	507.65	79.2148	0.0599544	6488580	181.226	-1
521.856	545.953	2.55579	0.0815808	8782591	16.3681	-1
521.62	840.146	2.12385	0.0684844	12124671	168.978	-1
520.953	826.566	2.12768	0.0718183	12255743	208.511	-1
546.48	489.322	2.0624	0.053109	10027519	352.581	-1
519.632	829.424	2.00815	0.0770646	8061439	200.501	-1
246.741	456.406	16.2013	0.0813576	8716546	186.129	-1
518.698	833.201	1.96273	0.080956	6423039	189.487	-1
518.698	833.201	1.96273	0.080956	6423039	9.44446	-1
518.135	547.393	2.65158	0.0571233	11469567	15.9283	-1
249.09	603.665	3.10136	0.0632286	6095871	159.418	-1
517.703	552.716	9.59561	0.0597511	4194817	279.502	-1
517.703	552.716	9.59561	0.0597511	4194817	81.4665	-1
250.472	614.054	2.40493	0.0565124	4391679	179.734	-1
250.882	625.013	2.78191	0.0697359	14942975	81.0551	-1
516.612	490.447	2.65326	0.0552645	11535103	197.347	-1
516.612	490.447	2.65326	0.0552645	11535103	30.9699	-1
516.096	557.4	1.90646	0.0646025	4325887	290.727	-1
516.024	481.853	5.51737	0.0596204	14352896	95.2182	-1
253.518	623.351	2.12715	0.0574372	12255743	336.722	-1
516.024	481.853	5.51737	0.0596204	14352896	62.1345	-1
254.426	608.178	4.08586	0.0540593	9306368	6.84503	-1
514.676	504.802	3.27485	0.062824	10028031	355.127	-1
514.278	549.043	1.86454	0.084725	2687487	59.3735	-1
514.204	495.919	4.1327	0.0555646	10158336	188.1	-1
256.151	613.828	1.96403	0.0628929	6488575	110.62	-1
256.151	613.828	1.96403	0.0628929	6488575	242.554	-1
256.996	603.17	1.88176	0.0838315	3408383	284.407	-1
514.204	495.919	4.1327	0.0555646	10158336	27.7746	-1
513.849	599.409	2.01214	0.0761353	8192511	160.822	-1
257.335	635.978	14.1076	0.0594783	15401729	218.128	-1
257.335	635.978	14.1076	0.0594783	15401729	339.544	-1
513.849	599.409	2.01214	0.0761353	8192511	49.3339	-1
257.89	863.834	71.7696	0.0664314	16056580	112.338	-1
257.89	863.834	71.7696	0.0664314	16056580	173.328	-1
258.114	399.117	31.4439	0.0586078	6488323	6.03674	-1
258.114	399.117	31.4439	0.0586078	6488323	259.812	-1
258.323	808.806	3.14297	0.0742477	7078911	130.309	-1
258.323	808.806	3.14297	0.0742477	7078911	329.526	-1
512.669	482.416	2.79699	0.0500159	15336191	299.299	-1
512.669	482.416	2.79699	0.0500159	15336191	56.5452	-1
260.209	866.576	2.67479	0.0582129	12124927	0.480225	-1
512.119	602.786	3.80151	0.0727307	4129024	284.862	-1
261.296	825.891	2.23837	0.0728377	15925759	180.476	-1
261.296	825.891	2.23837	0.0728377	15925759	347.572	-1
261.54	548.472	3.46957	0.0522623	14222335	333.562	-1
511.382	550.354	2.05336	0.0624082	9699839	352.217	-1
511.34	547.307	3.03391	0.0800604	4523007	349.292	-1
263.546	554.36	1.85837	0.0729167	2490879	328.783	-1
509.825	489.182	5.8269	0.0491831	1573632	173.051	-1
509.674	592.709	3.22129	0.0854286	8848383	174.337	-1
509.674	592.709	3.22129	0.0854286	8848383	12.731	-1
505.115	491.033	1.8874	0.0633974	3604991	203.514	-1
265.634	811.096	3.01815	0.058411	4129791	111.985	-1
505.115	491.033	1.8874	0.0633974	3604991	169.558	-1
505.115	491.033	1.8874	0.0633974	3604991	112.335	-1
504.672	481.778	2.68685	0.0575539	12452607	251.523	-1
504.672	481.778	2.68685	0.0575539	12452607	110.222	-1
502.826	395.914	13.9561	0.0655881	14615297	319.123	-1
502.826	395.914	13.9561	0.0655881	14615297	224.309	-1
502.581	502.271	1.84465	0.0538711	1966591	145.54	-1
266.599	818.133	2.57661	0.0584564	9372415	120.255	-1
266.599	818.133	2.57661	0.0584564	9372415	296.656	-1
266.599	818.133	2.57661	0.0584564	9372415	346.349	-1
502.064	557.437	2.07523	0.0678125	10486271	272.065	-1
501.579	505.297	2.56273	0.0602715	8979199	309.395	-1
501.101	481.268	4.75202	0.0571584	3539456	84.2343	-1
499.57	496.197	2.22693	0.0616505	15532543	279.922	-1
268.253	433.963	17.5176	0.0702013	14352642	291.781	-1
268.54	551.622	1.90832	0.0701694	4391423	121.199	-1
268.554	814.977	2.50101	0.0692252	7209727	120.819	-1
268.819	829.569	2.1856	0.0589121	14221823	309.21	-1
268.927	548.39	2.47807	0.0483961	6554367	120.011	-1
268.927	548.39	2.47807	0.0483961	6554367	330.2	-1
499.57	496.197	2.22693	0.0616505	15532543	89.38	-1
593.969	452.454	4.11679	0.0598307	9896192	357.189	-1
269.521	542.812	1.79934	0.0762255	131583	333.394	-1
498.958	344.095	8.20553	0.0635286	9634049	138.067	-1
498.359	365.782	39.8679	0.049643	6947331	271.818	-1
498.359	365.782	39.8679	0.049643	6947331	80.806	-1
497.017	488.01	2.11395	0.0539516	11796991	333.144	-1
497.014	485.088	1.94191	0.0542061	5636607	279.942	-1
495.503	496.199	2.17127	0.0675415	13697535	91.8845	-1
495.38	600.612	2.45531	0.0588971	5899007	340.02	-1
494.563	490.271	2.50913	0.0689325	7471871	341.455	-1
494.563	490.271	2.50913	0.0689325	7471871	189.655	-1
494.563	490.271	2.50913	0.0689325	7471871	102.437	-1
494.186	552.721	1.99774	0.0795696	7733759	188.76	-1
494.186	552.721	1.99774	0.0795696	7733759	39.9794	-1
272.605	813.638	2.54288	0.0669371	8454911	118.135	-1
493.929	594.327	4.27915	0.0599633	12648704	18.7951	-1
547.286	499.489	3.77244	0.0503333	3539200	202.737	-1
273.953	681.663	10.6709	0.0521013	11928065	29.7999	-1
273.975	546.323	1.88909	0.0705763	3670527	147.23	-1
273.975	546.323	1.88909	0.0705763	3670527	352.419	-1
491.928	491.299	17.4678	0.0561989	14156034	281.177	-1
491.928	491.299	17.4678	0.0561989	14156034	72.4371	-1
491.863	487.978	2.02386	0.0495502	8651263	196.244	-1
491.863	487.978	2.02386	0.0495502	8651263	102.656	-1
491.629	551.095	2.321	0.085872	1835775	176.3	-1
276.429	832.422	3.243	0.0677935	9307135	193.813	-1
276.429	832.422	3.243	0.0677935	9307135	303.617	-1
491.629	551.095	2.321	0.085872	1835775	55.7385	-1
547.308	496.746	2.75781	0.0486069	14287615	193.345	-1
276.86	343.575	27.2101	0.0902122	12780290	15.766	-1
276.86	343.575	27.2101	0.0902122	12780290	191.225	-1
277.167	546.807	2.11015	0.0666775	11665919	248.735	-1
489.821	586.388	3.06845	0.0698692	5309439	146.681	-1
489.618	557.864	2.35494	0.0570506	2884351	281.136	-1
488.929	554.318	1.83548	0.0782345	1573375	352.063	-1
488.929	554.318	1.83548	0.0782345	1573375	154.922	-1
488.521	481.124	4.64696	0.0558381	1901056	88.2211	-1
488.363	496.036	2.12828	0.0766986	12255743	251.323	-1
488.363	496.036	2.12828	0.0766986	12255743	80.3927	-1
281.664	539.498	2.04939	0.0644242	9568767	166.046	-1
281.664	539.498	2.04939	0.0644242	9568767	332.701	-1
487.173	589.854	2.40438	0.0976306	4391679	220.273	-1
486.753	599.659	3.70345	0.0895052	2228480	227.298	-1
486.463	557.033	2.69118	0.0524829	12518143	278.049	-1
485.624	294.88	54.7145	0.050797	13173507	269.192	-1
485.624	294.88	54.7145	0.050797	13173507	84.1277	-1
547.308	496.746	2.75781	0.0486069	14287615	337.841	-1
484.94	485.133	2.01509	0.062424	8323583	284.213	-1
282.702	542.27	1.92781	0.070602	5112319	143.624	-1
484.94	485.133	2.01509	0.062424	8323583	83.5634	-1
484.767	504.932	2.56977	0.0654893	9175807	236.183	-1
284.049	824.418	2.50439	0.0685021	7340799	111.077	-1
284.049	824.418	2.50439	0.0685021	7340799	354.832	-1
284.751	681.286	5.20596	0.0547518	10158592	213.568	-1
483.599	481.896	2.63043	0.0670412	10879743	71.3456	-1
285.077	840.619	1.87547	0.0663598	3146239	350.148	-1
483.491	502.008	2.15983	0.0565822	13369855	279.307	-1
483.491	502.008	2.15983	0.0565822	13369855	39.572	-1
483.452	555.771	5.62749	0.0550985	15794688	275.952	-1
483.211	487.891	2.15047	0.0555235	13042175	350.398	-1
483.211	487.891	2.15047	0.0555235	13042175	80.4479	-1
548.749	479.448	2.78823	0.0517198	15074047	87.2233	-1
549.874	483.183	2.26001	0.0570555	16646655	277.15	-1
285.835	542.642	2.12291	0.0632365	12124671	144.799	-1
285.835	542.642	2.12291	0.0632365	12124671	245.327	-1
481.837	499.109	2.3043	0.0657516	1311487	287.318	-1
479.146	557.153	2.65671	0.0642301	11600639	318.681	-1
478.911	576.543	2.05051	0.0793871	9568767	245.191	-1
478.911	576.543	2.05051	0.0793871	9568767	99.5555	-1
477.501	554.893	2.00419	0.0676161	7930367	326.376	-1
477.126	241.341	1.96113	0.0545476	6357503	251.843	-1
288.045	825.982	2.00344	0.0629152	7930367	158.565	-1
288.254	843.589	2.7998	0.0668637	15401727	198.663	-1
477.126	241.341	1.96113	0.0545476	6357503	67.8274	-1
477.009	584.852	6.14274	0.0650332	5374720	186.251	-1
289.662	836.711	3.14549	0.0520805	7144447	179.5	-1
476.351	547.688	2.9807	0.0687715	3212287	176.343	-1
476.351	547.688	2.9807	0.0687715	3212287	74.6207	-1
475.877	228.889	2.75062	0.0635376	14091007	28.3744	-1
290.822	685.023	12.7569	0.0487057	8127233	246.823	-1
474.872	555.309	1.84335	0.0767326	1901055	321.931	-1
474.872	555.309	1.84335	0.0767326	1901055	184.923	-1
474.715	549.78	4.84236	0.0712941	4915712	27.6979	-1
292.167	557.77	1.88873	0.0764733	3670527	287.663	-1
474.119	580.408	2.12108	0.0648025	12059135	182.521	-1
473.567	855.31	127.104	0.0640067	7274757	81.9503	-1
473.567	855.31	127.104	0.0640067	7274757	14.9945	-1
472.672	557.578	1.95111	0.084503	5964287	345.802	-1
292.66	555.079	1.92042	0.0655902	4850175	113.357	-1
472.672	557.578	1.95111	0.084503	5964287	184.46	-1
471.231	232.751	7.50798	0.0522428	3211521	286.147	-1
471.231	232.751	7.50798	0.0522428	3211521	9.60364	-1
293.337	554.95	2.42689	0.0643649	5047039	110.001	-1
293.537	664.533	15.5986	0.0551348	5964034	50.9162	-1
294.405	883.954	3.51673	0.0485133	15205375	112.645	-1
294.405	883.954	3.51673	0.0485133	15205375	289.01	-1
470.319	603.062	2.58923	0.086116	9765631	341.12	-1
470.319	603.062	2.58923	0.086116	9765631	194.424	-1
295.053	561.061	2.0143	0.0642008	8323583	290.336	-1
469.416	579.159	6.77989	0.0764268	12518144	347.937	-1
468.099	341.697	19.4974	0.0634935	5374466	105.738	-1
466.117	675.079	3.18705	0.0490134	8061951	168.842	-1
466.117	675.079	3.18705	0.0490134	8061951	53.4772	-1
464.898	580.342	2.15497	0.062271	13173247	355.388	-1
464.898	580.342	2.15497	0.062271	13173247	291.858	-1
463.07	577.037	2.33904	0.083935	2425599	296.621	-1
463.07	577.037	2.33904	0.083935	2425599	75.0692	-1
458.552	495.822	1.89625	0.0751613	3932671	342.112	-1
458.552	495.822	1.89625	0.0751613	3932671	165.096	-1
458.095	216.364	2.09845	0.0638325	11272703	259.809	-1
299.124	724.447	2.08934	0.0502127	10945023	159.427	-1
299.124	724.447	2.08934	0.0502127	10945023	340.644	-1
454.658	209.044	2.35105	0.0664271	2753279	48.7494	-1
454.159	492.806	3.11902	0.0552368	6489087	345.254	-1
299.416	558.561	2.01769	0.0613472	8389119	341.887	-1
454.159	492.806	3.11902	0.0552368	6489087	186.666	-1
451.068	372.365	25.0494	0.0900788	6816514	358.618	-1
451.068	372.365	25.0494	0.0900788	6816514	237.06	-1
450.873	496.456	2.01332	0.0716673	8258047	172.35	-1
450.521	490.229	2.32776	0.0664695	2032383	78.7875	-1
301.024	553.777	1.81496	0.0872137	786943	166.324	-1
301.024	553.777	1.81496	0.0872137	786943	352.496	-1
448.064	494.898	2.00394	0.0634339	7930367	358.465	-1
448.064	494.898	2.00394	0.0634339	7930367	167.366	-1
447.865	491.716	2.00613	0.0600029	7995903	350.695	-1
301.768	523.81	2.1148	0.0701704	11796991	337.683	-1
445.014	490.218	1.93405	0.0641996	5374463	80.1732	-1
442.758	493.126	2.07089	0.0697973	10289663	351.95	-1
302.45	399.15	16.0851	0.0927137	8192258	340.843	-1
442.68	494.556	2.43426	0.0721793	5309183	176.372	-1
442.68	494.556	2.43426	0.0721793	5309183	6.6658	-1
442.2	603.939	2.18814	0.0640227	14287359	133.144	-1
303.84	528.641	2.31662	0.0555861	1704703	338.867	-1
440.06	492.652	1.85508	0.0640099	2359807	37.4221	-1
438.466	325.483	9.70579	0.0627931	5046785	175.352	-1
304.443	557.453	2.0878	0.075468	10879487	3.77051	-1
304.443	557.453	2.0878	0.075468	10879487	165.226	-1
304.489	557.015	2.30203	0.074616	1245951	3.93982	-1
304.489	557.015	2.30203	0.074616	1245951	162.014	-1
438.466	325.483	9.70579	0.0627931	5046785	83.6049	-1
305.223	524.764	2.17212	0.0840107	13763071	164.269	-1
305.223	524.764	2.17212	0.0840107	13763071	332.78	-1
435.762	498.912	2.03116	0.0726698	8913407	342.82	-1
435.762	498.912	2.03116	0.0726698	8913407	163.415	-1
305.754	533.996	2.01784	0.0700404	8454655	254.529	-1
305.754	533.996	2.01784	0.0700404	8454655	337.676	-1
434.806	592.335	4.69955	0.081913	2753024	157.429	-1
305.943	390.55	8.84324	0.0653629	15008001	235.283	-1
305.943	390.55	8.84324	0.0653629	15008001	348.31	-1
434.806	592.335	4.69955	0.081913	2753024	87.5335	-1
550.717	504.752	4.34774	0.0629684	13828352	182.515	-1
306.303	551.224	1.8001	0.093151	197119	165.648	-1
432.923	682.891	3.43885	0.0594791	13566975	198.755	-1
432.923	682.891	3.43885	0.0594791	13566975	21.7075	-1
432.432	494.486	2.05991	0.0674849	9896447	347.129	-1
432.432	494.486	2.05991	0.0674849	9896447	190.938	-1
307.134	324.749	22.2163	0.0616671	14811650	159.029	-1
432.23	250.199	1.86967	0.053406	2884095	77.7137	-1
431.811	595.564	2.18678	0.0830805	14221823	347.829	-1
307.641	530.577	2.44499	0.0803893	5571327	144.169	-1
307.641	530.577	2.44499	0.0803893	5571327	339.19	-1
307.642	557.635	2.13526	0.0849319	12517887	3.58636	-1
307.642	557.635	2.13526	0.0849319	12517887	160.948	-1
431.397	595.875	12.8128	0.0513762	8454913	100.99	-1
431.146	598.218	3.87116	0.0776245	5439744	343.14	-1
431.146	598.218	3.87116	0.0776245	5439744	201.387	-1
430.455	413.992	7.81746	0.0572882	6095105	287.035	-1
430.455	413.992	7.81746	0.0572882	6095105	207.355	-1
309.99	555.11	2.34682	0.0647316	2622207	162.884	-1
309.99	555.11	2.34682	0.0647316	2622207	349.754	-1
430.105	499.724	1.94069	0.0723602	5636607	171.803	-1
429.575	493.917	2.12036	0.0576139	11993599	352.929	-1
428.576	487.511	1.9925	0.0773585	7537151	349.851	-1
310.323	287.514	2.9908	0.0522788	3474431	185.427	-1
310.464	528.988	1.83866	0.0657464	1704447	135.87	-1
550.717	504.752	4.34774	0.0629684	13828352	266.898	-1
424.958	500.335	2.29672	0.0653333	1049343	259.136	-1
311.043	525.873	2.34933	0.0598927	2687743	138.657	-1
311.043	525.873	2.34933	0.0598927	2687743	341.137	-1
424.281	520.609	1.9402	0.0827853	5571071	148.793	-1
312.032	549.477	2.14321	0.0876123	12780031	344.567	-1
424.236	602.832	4.39077	0.089033	14549248	348.697	-1
312.774	651.579	16.9081	0.0557437	11796738	62.5733	-1
424.236	602.832	4.39077	0.089033	14549248	200.782	-1
424.084	590.719	3.24677	0.0844546	9438207	152.903	-1
313.055	555.649	1.84505	0.0925168	1966591	164.573	-1
313.055	555.649	1.84505	0.0925168	1966591	348.877	-1
424.084	590.719	3.24677	0.0844546	9438207	19.735	-1
424.036	520.185	1.94669	0.0834042	5833215	136.675	-1
313.456	523.841	1.87378	0.0737592	3080703	156.176	-1
313.456	523.841	1.87378	0.0737592	3080703	337.391	-1
424.02	493.629	1.94108	0.0673272	5636607	164.232	-1
424.02	493.629	1.94108	0.0673272	5636607	76.3827	-1
423.677	343.445	26.7902	0.0575388	11666178	1.11523	-1
422.159	251.242	2.09435	0.0529402	11141631	304.4	-1
422.159	251.242	2.09435	0.0529402	11141631	187.151	-1
422.043	521.931	1.89175	0.0759187	3736063	319.146	-1
421.916	499.37	1.98797	0.0700285	7340543	160.741	-1
421.916	499.37	1.98797	0.0700285	7340543	8.6998	-1
421.794	498.309	2.51844	0.0699485	7734015	166.369	-1
421.794	498.309	2.51844	0.0699485	7734015	5.06439	-1
421.237	245.461	2.37245	0.0504136	3408639	156.95	-1
315.177	549.678	2.1214	0.0780963	12059135	184.615	-1
315.177	549.678	2.1214	0.0780963	12059135	346.173	-1
419.93	659.7	2.74454	0.0601253	13959935	39.4499	-1
419.251	520.493	2.95984	0.0614814	2687999	323.605	-1
315.506	698.954	3.03854	0.0602117	4588543	141.932	-1
315.506	698.954	3.03854	0.0602117	4588543	325.242	-1
419.251	520.493	2.95984	0.0614814	2687999	176.936	-1
419.234	601.454	2.74282	0.0635274	13894399	357.582	-1
316.47	524.301	1.94352	0.0617149	5702143	159.245	-1
316.47	524.301	1.94352	0.0617149	5702143	337.935	-1
418.739	498.928	2.03903	0.0613752	9175551	349.967	-1
418.67	498.715	2.06988	0.0609018	10289663	353.095	-1
417.848	594.777	4.6569	0.063979	2097664	10.43	-1
317.699	527.842	1.87909	0.0623015	3277311	153.024	-1
317.699	527.842	1.87909	0.0623015	3277311	340.744	-1
551.234	552.099	5.54316	0.0597917	14680576	91.0839	-1
318.275	522.148	1.84804	0.0741369	2097663	156.037	-1
318.275	522.148	1.84804	0.0741369	2097663	338.492	-1
416.747	294.9	24.2777	0.0767328	4522754	1.16345	-1
416.492	418.215	10.1007	0.0592276	7930369	280.358	-1
416.492	418.215	10.1007	0.0592276	7930369	217.338	-1
416.043	499.947	2.19668	0.0591167	14549503	350.049	-1
416.043	499.947	2.19668	0.0591167	14549503	168.978	-1
415.887	511.275	1.90642	0.091929	4325887	178.604	-1
415.738	524.128	2.07526	0.083409	10486271	11.5705	-1
415.713	497.3	2.1653	0.0591639	13500927	180.109	-1
414.673	771.336	8.39038	0.0575671	11206913	265.247	-1
551.234	552.099	5.54316	0.0597917	14680576	252.711	-1
412.924	494.692	2.67813	0.0671281	12190463	190.297	-1
320.562	652.425	6.60545	0.0568736	10617600	169.087	-1
412.924	494.692	2.67813	0.0671281	12190463	141.344	-1
412.924	494.692	2.67813	0.0671281	12190463	28.2339	-1
412.772	522.706	2.47863	0.0805384	6619903	173.746	-1
412.772	522.706	2.47863	0.0805384	6619903	9.32898	-1
412.77	522.792	2.43549	0.0810051	5309183	171.593	-1
321.48	556.072	2.06684	0.0582584	10158591	6.49329	-1
575.749	458.645	33.9581	0.0638217	12058883	358.357	-1
322.422	543.884	2.44045	0.0791644	5440255	5.13196	-1
322.422	543.884	2.44045	0.0791644	5440255	178.788	-1
412.77	522.792	2.43549	0.0810051	5309183	10.571	-1
322.914	520.272	1.83514	0.0747855	1573375	157.375	-1
322.914	520.272	1.83514	0.0747855	1573375	339.036	-1
411.964	406.907	21.5376	0.0619628	12583426	257.93	-1
410.596	590.255	2.52754	0.0986332	7996159	222.349	-1
573.381	406.397	12.9033	0.0642992	8913665	229.298	-1
410.596	590.255	2.52754	0.0986332	7996159	43.547	-1
552.66	480.05	4.1061	0.0594042	9699584	100.162	-1
410.138	600.164	3.84973	0.0906247	5046528	230.404	-1
408.311	788.53	14.6946	0.0639512	1638658	75.9039	-1
324.995	540.535	2.30978	0.0769627	1508095	346.224	-1
408.014	496.632	1.86279	0.064354	2621951	84.1245	-1
552.66	480.05	4.1061	0.0594042	9699584	185.381	-1
407.127	523.041	2.05948	0.0609065	9896447	353.639	-1
325.584	526.969	1.9092	0.0760104	4391423	153.818	-1
406.047	502.28	2.13142	0.070359	12386815	160.601	-1
325.714	545.629	2.45758	0.0673759	5964543	176.093	-1
325.714	545.629	2.45758	0.0673759	5964543	348.698	-1
406.047	502.28	2.13142	0.070359	12386815	2.76004	-1
570.2	444.84	42.275	0.0642856	11207171	357.522	-1
405.974	501.864	2.33715	0.0705055	2360063	165.132	-1
405.974	501.864	2.33715	0.0705055	2360063	4.76193	-1
405.963	499.154	1.9739	0.0646845	6816255	347.725	-1
328.537	620.091	1.86438	0.0706833	2687487	113.125	-1
328.537	620.091	1.86438	0.0706833	2687487	312.517	-1
404.182	596.032	5.89442	0.0619725	2425600	12.1849	-1
403.498	231.72	1.97851	0.0520838	7012863	335.291	-1
329.455	549.414	1.88649	0.0878964	3539455	162.011	-1
329.455	549.414	1.88649	0.0878964	3539455	340.715	-1
329.934	344.539	8.54587	0.0660551	12583169	63.9933	-1
329.934	344.539	8.54587	0.0660551	12583169	178.084	-1
403.498	231.72	1.97851	0.0520838	7012863	312.897	-1
403.135	525.827	1.97827	0.0781804	7012863	180.538	-1
330.93	513.098	2.21551	0.0692013	15204863	69.3888	-1
330.93	513.098	2.21551	0.0692013	15204863	340.983	-1
402.892	200.625	1.99235	0.0671738	7537151	256.335	-1
401.81	424.623	8.52293	0.0498836	12386561	289.225	-1
401.81	424.623	8.52293	0.0498836	12386561	254.895	-1
400.573	772.733	8.01626	0.0496158	7930113	259.973	-1
400.573	772.733	8.01626	0.0496158	7930113	91.0789	-1
553.896	492.935	2.07382	0.0498369	10420735	128.787	-1
399.293	601.247	2.30847	0.0644486	1442559	340.673	-1
399.105	187.015	16.8472	0.0571652	11534594	284.352	-1
399.105	187.015	16.8472	0.0571652	11534594	247.986	-1
332.595	518.1	2.28541	0.0588813	721663	341.495	-1
398.916	505.81	2.08986	0.0723048	10945023	336.573	-1
398.916	505.81	2.08986	0.0723048	10945023	163.301	-1
397.651	594.679	4.25486	0.0652314	12255488	12.139	-1
394.011	527.917	1.94204	0.0777118	5636607	163.053	-1
392.524	233.742	2.06919	0.0491909	10224127	253.018	-1
334.158	523.771	2.03701	0.0711885	9110015	337.01	-1
392.524	233.742	2.06919	0.0491909	10224127	30.1341	-1
392.237	506.27	2.3739	0.0698551	3474175	317.928	-1
392.176	893.848	2.20495	0.0570711	14811647	275.214	-1
334.335	514.372	2.24516	0.0831307	16122367	40.9395	-1
334.335	514.372	2.24516	0.0831307	16122367	164.264	-1
334.335	514.372	2.24516	0.0831307	16122367	332.205	-1
392.176	893.848	2.20495	0.0570711	14811647	186.403	-1
553.896	492.935	2.07382	0.0498369	10420735	178.943	-1
390.836	590.119	2.49428	0.0987707	7078655	226.522	-1
390.836	590.119	2.49428	0.0987707	7078655	38.614	-1
390.411	600.1	3.85007	0.0906181	5046528	230.744	-1
388.974	506.357	2.05625	0.0606926	9765375	324.107	-1
336.262	520.264	2.55889	0.0790402	8913663	153.236	-1
336.262	520.264	2.55889	0.0790402	8913663	347.068	-1
336.643	891.375	2.17239	0.0524125	13763071	170.989	-1
336.643	891.375	2.17239	0.0524125	13763071	311.228	-1
336.731	543.047	3.05733	0.0721335	5047295	168.888	-1
336.731	543.047	3.05733	0.0721335	5047295	349.959	-1
336.883	540.734	2.12652	0.0650796	12190207	335.863	-1
388.974	506.357	2.05625	0.0606926	9765375	172.918	-1
553.896	492.935	2.07382	0.0498369	10420735	231.209	-1
386.704	499.203	2.57054	0.0691274	9241343	144.564	-1
386.704	499.203	2.57054	0.0691274	9241343	1.16095	-1
385.966	241.964	1.85496	0.0487793	2359807	192.594	-1
385.966	241.964	1.85496	0.0487793	2359807	48.9812	-1
338.068	642.02	3.10503	0.0564639	6161407	330.287	-1
384.357	635.713	301.344	0.0805466	2884102	165.344	-1
383.923	522.882	2.48311	0.0671948	6750975	122.306	-1
379.933	591.328	2.69209	0.0570814	12583679	18.4553	-1
378.43	510.77	2.38245	0.0663712	3736319	255.475	-1
378.43	510.77	2.38245	0.0663712	3736319	162.067	-1
377.198	589.108	2.40513	0.0936356	4391679	236.311	-1
377.198	589.108	2.40513	0.0936356	4391679	77.8478	-1
376.869	504.055	2.06762	0.0640883	10158591	163.308	-1
342.773	513.651	1.89333	0.0767642	3801599	163.171	-1
342.773	513.651	1.89333	0.0767642	3801599	343.076	-1
376.577	596.881	5.85883	0.0675914	1966848	348.106	-1
376.577	596.881	5.85883	0.0675914	1966848	198.965	-1
342.998	599.162	2.58258	0.0801603	9569023	173.792	-1
375.033	508.891	2.47446	0.0686638	6488831	165.203	-1
343.288	537.063	1.80241	0.0992828	262655	146.027	-1
343.288	537.063	1.80241	0.0992828	262655	332.632	-1
374.915	506.747	1.99968	0.0655831	7799295	347.143	-1
371.21	589.089	1.89797	0.0613941	3998207	135.41	-1
567.293	871.011	2.42192	0.0532944	4915967	7.17029	-1
345.053	273.209	2.04027	0.0659377	9241087	143.543	-1
345.053	273.209	2.04027	0.0659377	9241087	300.092	-1
566.887	870.515	3.11641	0.0525271	6423551	6.26419	-1
346.17	537.137	1.97416	0.0724434	6816255	146.372	-1
371.21	589.089	1.89797	0.0613941	3998207	66.7103	-1
369.259	593.294	6.13643	0.0708347	5309184	194.496	-1
346.607	542.781	1.94636	0.0951502	5833215	328.042	-1
346.641	517.79	1.94689	0.0724231	5833215	3.60107	-1
346.641	517.79	1.94689	0.0724231	5833215	156.779	-1
369.259	593.294	6.13643	0.0708347	5309184	106.878	-1
346.92	613.175	3.90373	0.0752727	6029568	357.775	-1
368.606	602.887	4.40715	0.0863876	14811392	194.357	-1
368.533	529.866	1.88197	0.0860922	3408383	356.141	-1
368.533	529.866	1.88197	0.0860922	3408383	189.306	-1
367.328	517.492	2.10534	0.0787322	11469311	287.581	-1
348.044	512.018	1.89231	0.0766744	3801599	342.308	-1
367.117	506.357	2.20968	0.05987	15008255	69.8165	-1
366.362	531.457	1.8273	0.0647969	1245695	356.53	-1
349.018	535.547	2.0209	0.0938876	8520191	2.02255	-1
349.018	535.547	2.0209	0.0938876	8520191	146.663	-1
365.86	533.775	2.3372	0.0575898	2360063	357.27	-1
349.605	583.401	5.21724	0.0567139	10289664	216.644	-1
349.719	518.419	2.28415	0.0660537	656127	254.261	-1
365.271	509.129	1.95189	0.0855554	6029823	343.217	-1
365.271	509.129	1.95189	0.0855554	6029823	172.944	-1
364.909	587.544	3.09824	0.0791578	6030335	119.176	-1
364.365	518.861	1.87614	0.0696175	3146239	332.722	-1
364.365	518.861	1.87614	0.0696175	3146239	300.984	-1
362.326	603.9	4.32101	0.0653072	13369600	202.649	-1
350.754	579.269	2.14818	0.0584873	12976639	305.519	-1
362.101	593.593	4.55649	0.086275	524800	171.856	-1
362.101	593.593	4.55649	0.086275	524800	1.00327	-1
361.986	513.452	2.12729	0.0653336	12255743	332.334	-1
351.06	512.898	1.90822	0.0623065	4391423	167.93	-1
351.06	512.898	1.90822	0.0623065	4391423	342.83	-1
361.986	513.452	2.12729	0.0653336	12255743	162.667	-1
566.877	884.489	2.24614	0.0501893	16187903	357.834	-1
351.492	610.34	3.11361	0.0959984	6358015	208.809	-1
351.845	516.535	1.90554	0.0666199	4260351	158.077	-1
351.845	516.535	1.90554	0.0666199	4260351	349.234	-1
361.537	536.958	1.95914	0.077921	6291967	175.721	-1
351.939	599.293	3.27066	0.0842647	9962495	40.0328	-1
351.939	599.293	3.27066	0.0842647	9962495	211.688	-1
360.997	312.529	45.8304	0.0634586	328451	111.122	-1
360.198	516.239	1.98072	0.072718	7078399	337.803	-1
360.198	516.239	1.98072	0.072718	7078399	155.515	-1
352.383	540.868	2.04617	0.0914177	9437695	192.001	-1
352.383	540.868	2.04617	0.0914177	9437695	326.132	-1
360.153	603.535	2.08478	0.0532092	10813951	219.243	-1
360.153	603.535	2.08478	0.0532092	10813951	197.184	-1
358.838	679.891	4.2611	0.0526506	12386560	349.438	-1
353.301	511.145	2.25549	0.0704827	16450047	74.6081	-1
353.301	511.145	2.25549	0.0704827	16450047	341.99	-1
354.411	579.188	2.00959	0.0831522	8126975	153.931	-1
354.411	579.188	2.00959	0.0831522	8126975	305.959	-1
354.759	517.492	1.84572	0.0741864	1966591	165.696	-1
355.081	588.343	4.6435	0.077583	1835520	28.8541	-1
358.713	536.873	1.85232	0.0805425	2228735	342.402	-1
355.477	375.277	12.2246	0.0986261	5047041	50.9809	-1
355.477	375.277	12.2246	0.0986261	5047041	229.971	-1
356.036	444.007	10.3426	0.0694403	9634305	255.8	-1
356.056	603.053	4.99184	0.0606564	7078400	206.227	-1
356.291	511.801	1.89115	0.0696843	3736063	339.707	-1
566.463	877.953	3.19005	0.0602325	8127487	0.862457	-1
357.455	646.238	10.4182	0.0530114	10158593	328.031	-1
545.364	557.14	2.01393	0.0483119	8258047	196.633	-1
356.542	683.017	2.02192	0.0368359	8585727	185.25	-1
545.01	485.773	2.28295	0.0448365	656127	212.247	-1
356.542	683.017	2.02192	0.0368359	8585727	150.613	-1
545.01	485.773	2.28295	0.0448365	656127	159.765	-1
544.794	478.85	1.90329	0.0373781	4194815	132.036	-1
355.103	240.69	2.15739	0.0412185	13238783	147.637	-1
353.049	890.097	2.40073	0.0477171	4260607	170.517	-1
565.73	886.06	4.22587	0.0477294	11731200	358.599	-1
543.737	488.622	1.93876	0.0387554	5505535	149.764	-1
543.074	551.94	1.95678	0.0401654	6226431	9.09973	-1
542.197	554.757	1.93174	0.0411534	5243391	198.568	-1
359.83	252.47	2.04382	0.0450176	9372159	327.997	-1
353.049	890.097	2.40073	0.0477171	4260607	94.9776	-1
352.989	892.92	2.68167	0.0470485	12255999	182.053	-1
542.197	554.757	1.93174	0.0411534	5243391	53.6202	-1
541.218	478.662	1.95546	0.0389781	6160895	135.049	-1
541.218	478.662	1.95546	0.0389781	6160895	46.6617	-1
555.836	488.279	3.73609	0.0334873	2818304	183.247	-1
205.497	373.142	1.98216	0.0360182	7143935	219.329	-1
210.024	401.761	1.94626	0.0412532	5833215	161.421	-1
540.492	489.13	4.18708	0.0427787	11075840	356.143	-1
350.953	249.641	2.00964	0.0360615	8126975	278.771	-1
350.953	249.641	2.00964	0.0360615	8126975	149.509	-1
350.871	595.24	22.6496	0.0376353	16187906	102.45	-1
210.656	370.451	2.19535	0.0363353	14549503	219.834	-1
211.867	336.451	1.98481	0.03897	7209471	149.896	-1
539.935	548.477	1.87207	0.0475559	3015167	131.734	-1
538.406	488.556	2.25902	0.0370464	16581119	342.496	-1
212.061	408.221	3.04503	0.0352515	4785151	153.916	-1
538.011	558.591	2.37716	0.0457817	3539711	346.418	-1
538.011	558.591	2.37716	0.0457817	3539711	298.968	-1
536.698	550.902	3.12172	0.0370145	6554623	147.15	-1
213.094	453.122	2.20723	0.0330349	14942719	241.273	-1
364.492	892.155	4.12887	0.0377214	10092800	87.7236	-1
364.492	892.155	4.12887	0.0377214	10092800	283.257	-1
534.106	498.965	4.54353	0.0438673	262656	4.23096	-1
350.151	732.547	2.15001	0.0412051	13042175	330.063	-1
533.462	489.05	5.3753	0.0444863	12452352	354.624	-1
217.52	313.593	2.53287	0.0356634	8127231	219.728	-1
218.354	884.093	2.22795	0.0373098	15598079	178.893	-1
219.511	359.571	1.99347	0.0333489	7537151	220.998	-1
349.534	618.041	1.87361	0.0405386	3080703	270.119	-1
223.648	880.046	2.06251	0.0359102	10027519	99.7695	-1
348.98	772.423	9.1472	0.0402508	786945	86.8889	-1
366.715	511.438	11.1729	0.0342074	15204865	72.2548	-1
348.575	729.613	2.10236	0.0410326	11403775	332.173	-1
223.648	880.046	2.06251	0.0359102	10027519	257.022	-1
367.714	750.642	19.5151	0.0349044	5440002	96.6247	-1
545.364	557.14	2.01393	0.0483119	8258047	271.111	-1
224.18	871.581	8.68481	0.0461226	13697281	177.538	-1
528.103	485.313	2.04349	0.0349468	9372159	300.24	-1
528.103	485.313	2.04349	0.0349468	9372159	240.421	-1
527.795	478.622	2.03946	0.0447122	9175551	145.794	-1
346.809	209.75	3.77484	0.0356934	3604736	179.905	-1
346.512	642.397	1.9367	0.0409892	5439999	329.734	-1
370.804	892.412	4.57978	0.0374547	852480	91.9353	-1
370.999	240.715	1.97466	0.0442729	6881791	330.076	-1
527.567	489.838	2.99954	0.0331261	3671039	160.271	-1
343.492	262.373	2.65256	0.0462896	11469567	127.803	-1
545.654	490.953	19.604	0.0466838	5767682	92.0133	-1
545.654	490.953	19.604	0.0466838	5767682	178.589	-1
371.797	197.01	1.90268	0.0371606	4194815	315.368	-1
523.53	230.055	32.7049	0.0347722	9371907	258.78	-1
522.291	482.334	3.1604	0.0401726	7472127	272.653	-1
372.873	662.307	11.7829	0.0355142	2360065	257.435	-1
373.574	662.669	12.5222	0.0353002	6750977	260.826	-1
522.291	482.334	3.1604	0.0401726	7472127	86.8392	-1
244.593	607.103	4.62192	0.044763	1507840	6.75543	-1
545.654	490.953	19.604	0.0466838	5767682	276.214	-1
343.108	590.066	2.08395	0.0390124	10748415	197.194	-1
357.398	662.872	1.96964	0.0367058	6685183	337.349	-1
375.357	247.79	1.89473	0.0345204	3867135	356.718	-1
519.378	496.178	3.80812	0.0470247	4260096	189.324	-1
249.983	641.888	2.48431	0.0395941	6750975	315.052	-1
516.651	478.599	2.08091	0.0455887	10682879	37.5378	-1
516.566	485.085	1.99638	0.0339931	7668223	300.158	-1
253.102	629.179	3.09382	0.0393736	5899263	78.6508	-1
546.869	492.876	1.96939	0.0382909	6685183	45.6518	-1
376.905	221.471	2.11529	0.0412337	11862527	149.426	-1
376.905	221.471	2.11529	0.0412337	11862527	263.652	-1
341.004	716.891	2.25684	0.042581	16515583	325.555	-1
340.378	276.516	1.96324	0.0429514	6423039	293.323	-1
257.524	813.382	2.07682	0.040849	10486271	351.106	-1
513.167	755.479	2.14027	0.0350389	12714495	358.809	-1
340.378	276.516	1.96324	0.0429514	6423039	104.442	-1
260.076	846.172	4.15646	0.0395128	10551552	107.871	-1
339.699	668.752	24.0973	0.0415296	3998466	322.058	-1
260.374	857.102	3.89013	0.0332147	5767424	112.728	-1
261.806	807.431	1.95495	0.0332163	6160895	147.397	-1
508.619	502.541	4.92319	0.0406272	6095360	341.903	-1
508.619	502.541	4.92319	0.0406272	6095360	201.251	-1
506.152	552.044	5.11259	0.0414954	8847872	355.148	-1
266.172	598.443	1.89415	0.0426013	3867135	159.946	-1
382.07	506.691	3.90157	0.0366251	5964032	160.09	-1
383.169	242.204	1.88861	0.0356241	3670527	192.544	-1
339.699	668.752	24.0973	0.0415296	3998466	198.222	-1
384.063	773.532	9.9839	0.0461939	7078401	91.0612	-1
384.063	773.532	9.9839	0.0461939	7078401	253.683	-1
339.699	668.752	24.0973	0.0415296	3998466	52.4898	-1
384.373	238.127	1.97659	0.0368981	6947327	69.6923	-1
384.373	238.127	1.97659	0.0368981	6947327	117.186	-1
384.679	695.081	27.4041	0.0459003	13304578	202.356	-1
384.679	695.081	27.4041	0.0459003	13304578	265.973	-1
266.373	864.074	3.27456	0.0340487	10028031	121.934	-1
503.793	451.05	8.23015	0.040608	9830657	276.635	-1
337.685	613.456	9.85032	0.0358501	6095361	328.068	-1
337.629	423.808	40.9829	0.0450724	8978947	281.774	-1
386.347	825.359	26.6568	0.0432505	11272962	261.366	-1
386.388	235.799	2.40278	0.0351088	4326143	102.429	-1
386.388	235.799	2.40278	0.0351088	4326143	256.533	-1
337.629	423.808	40.9829	0.0450724	8978947	249.595	-1
266.373	864.074	3.27456	0.0340487	10028031	295.606	-1
502.801	494.74	1.90552	0.0461073	4260351	290.901	-1
502.801	494.74	1.90552	0.0461073	4260351	172.314	-1
266.611	639.019	4.21468	0.041045	11534592	229.89	-1
268.119	547.644	2.95695	0.0453027	2622463	122.852	-1
387.232	291.731	20.783	0.0425755	9961986	359.963	-1
500.283	491.392	4.68017	0.0387111	2425344	162.038	-1
499.811	501.931	5.24993	0.0481893	10748416	303.494	-1
268.119	547.644	2.95695	0.0453027	2622463	334.619	-1
337.304	396.927	66.4078	0.0469111	10486020	259.829	-1
336.186	517.335	9.11991	0.0373058	524801	257.311	-1
269.216	601.821	3.64906	0.0393993	1114368	159.906	-1
269.575	821.629	13.3727	0.0448393	11535105	318.489	-1
336.186	517.335	9.11991	0.0373058	524801	84.6529	-1
269.589	871.351	3.14102	0.046392	7013375	299.836	-1
546.869	492.876	1.96939	0.0382909	6685183	293.381	-1
497.486	738.669	1.87581	0.0330859	3146239	28.6364	-1
547.128	482.874	2.02551	0.0420525	8716799	197.279	-1
270.523	904.922	17.7759	0.0459267	15401218	103.33	-1
495.969	499.468	2.59775	0.0415029	9962239	90.717	-1
334.308	893.3	2.09508	0.0350505	11141631	311.003	-1
334.308	893.3	2.09508	0.0350505	11141631	190.542	-1
271.733	867.428	3.46433	0.0365038	14091263	118.249	-1
271.906	608.412	3.45119	0.0429447	13829119	161.269	-1
393.747	196.028	3.49112	0.0362464	14681087	299.842	-1
494.465	674.272	2.09224	0.0465667	11076095	81.7348	-1
394.131	251.971	119.796	0.0467682	3014917	266.387	-1
395.53	227.395	1.92394	0.0346703	4981247	350.663	-1
395.866	225.45	3.05085	0.0334534	4916223	10.6504	-1
547.128	482.874	2.02551	0.0420525	8716799	276.313	-1
493.329	786.984	9.76523	0.0469885	5505537	215.679	-1
493.099	504.515	4.7711	0.0452395	3801600	304.507	-1
493.099	504.515	4.7711	0.0452395	3801600	244.958	-1
275.542	886.108	2.17652	0.0343714	13894143	112.564	-1
397.785	268.778	5.16152	0.0340102	9503232	246.727	-1
275.542	886.108	2.17652	0.0343714	13894143	301.681	-1
398.842	276.014	6.28342	0.0482084	7013120	23.7308	-1
276.205	853.2	3.27489	0.0367476	10028031	114.712	-1
332.875	260.131	1.88939	0.0472051	3670527	126.477	-1
332.578	756.533	13.0133	0.0335051	9569025	139.095	-1
332.578	756.533	13.0133	0.0335051	9569025	108.098	-1
276.205	853.2	3.27489	0.0367476	10028031	306.412	-1
567.768	417.597	5.65644	0.0454761	16122368	192.935	-1
491.539	498.869	3.33468	0.0362229	11338751	243.655	-1
489.004	479.45	2.17863	0.0439828	13959679	89.2092	-1
489.004	479.45	2.17863	0.0439828	13959679	64.2251	-1
488.831	665.048	5.23952	0.0368386	10617344	176.001	-1
332.134	761.708	6.41043	0.0343952	8454912	108.69	-1
553.005	484.261	2.38423	0.0439615	3801855	197.964	-1
488.831	665.048	5.23952	0.0368386	10617344	58.3109	-1
281.967	897.404	2.05639	0.0349366	9765375	119.378	-1
331.315	678.663	2.04477	0.0359831	9372159	162.17	-1
487.032	694.207	40.9699	0.0441286	8913411	172.637	-1
487.032	694.207	40.9699	0.0441286	8913411	2.25726	-1
281.967	897.404	2.05639	0.0349366	9765375	308.926	-1
486.273	501.716	6.17249	0.0447267	5767936	347.926	-1
486.273	501.716	6.17249	0.0447267	5767936	254.696	-1
330.22	770.857	7.11959	0.0359773	16057088	105.416	-1
282.413	867.418	3.26707	0.0336825	9831423	111.684	-1
404.038	225.512	1.83747	0.0346057	1638911	341.039	-1
485.483	760.492	2.40351	0.0464245	4391679	102.151	-1
282.413	867.418	3.26707	0.0336825	9831423	299.764	-1
484.971	493.493	2.96029	0.0429281	2753535	354.512	-1
282.525	873.044	3.32344	0.0343237	11076607	118.101	-1
284.805	814.513	10.8967	0.0423277	13435393	318.307	-1
285.278	539.575	7.97973	0.0336324	7602433	64.7153	-1
285.278	539.575	7.97973	0.0336324	7602433	236.583	-1
285.355	891.54	2.22897	0.0399021	15598079	116.069	-1
285.355	891.54	2.22897	0.0399021	15598079	302.009	-1
548.384	554.518	1.96396	0.0447286	6488575	262.058	-1
285.47	899.687	2.20837	0.036471	14942719	118.775	-1
285.47	899.687	2.20837	0.036471	14942719	309.236	-1
407.255	760.404	8.47068	0.0394894	11927809	78.843	-1
480.549	595.595	16.1485	0.0454022	8454402	280.819	-1
407.435	244.153	1.86123	0.0475201	2556415	68.238	-1
286.494	880.319	3.20255	0.0449899	8389631	308.782	-1
478.867	760.054	1.80901	0.0332749	524799	209.106	-1
289.403	876.312	4.11948	0.0340053	9896192	118.351	-1
289.712	378.259	16.4387	0.0466173	9765122	49.8423	-1
475.57	237.934	3.19976	0.0383487	8324095	34.3198	-1
409.822	494.071	2.01453	0.0371394	8323583	22.6274	-1
409.982	238.119	2.14696	0.0467854	12911103	146.092	-1
291.944	529.963	1.87214	0.0404837	3015167	85.0518	-1
291.944	529.963	1.87214	0.0404837	3015167	328.073	-1
550.505	487.884	3.66398	0.0396125	1442048	179.499	-1
587.208	446.807	3.09453	0.0376559	5964799	338.526	-1
323.977	534.551	2.75265	0.0342601	14156543	69.6353	-1
469.741	667.743	7.91391	0.040572	7012609	49.8701	-1
587.208	446.807	3.09453	0.0376559	5964799	299.819	-1
295.883	862.636	4.26119	0.0339481	12386560	112.739	-1
460.647	222.918	2.63071	0.0337397	10879743	287.435	-1
455.562	212.885	3.11636	0.0436173	6423551	43.4258	-1
412.003	194.897	3.09969	0.0402329	6030335	223.58	-1
455.344	723.322	2.0081	0.0352202	8061439	11.1158	-1
299.513	880.963	4.20076	0.0349851	11337984	110.543	-1
453.904	708.56	1.81317	0.0357237	721407	190.463	-1
320.866	247.04	2.28944	0.0448648	852735	263.346	-1
320.866	247.04	2.28944	0.0448648	852735	224.512	-1
452.549	666.58	2.03089	0.0357096	8913407	9.203	-1
299.989	287.33	2.07853	0.0352732	10551807	288.952	-1
300.331	727.548	2.16635	0.0475235	13566463	161.014	-1
450.559	714.996	1.81648	0.0372972	852479	190.796	-1
300.927	828.73	12.18	0.0335752	4784897	299.452	-1
449.611	718.944	2.13009	0.0351877	12321279	189.968	-1
448.79	674.315	2.52596	0.0342522	7930623	11.5312	-1
319.987	519.006	2.24006	0.0419542	15991295	136.662	-1
448.406	644.373	5.01858	0.0386703	7471616	108.157	-1
448.212	661.285	5.76406	0.0388797	787200	4.36496	-1
319.987	519.006	2.24006	0.0419542	15991295	18.1091	-1
448.038	690.438	2.15703	0.0412839	13238783	11.8043	-1
301.278	829.026	12.447	0.0332563	6357761	298.051	-1
447.16	683.182	1.94422	0.0374165	5767679	10.2219	-1
447.088	694.892	2.14366	0.0377723	12780031	15.4629	-1
446.471	207.776	8.43884	0.0397024	11665665	264.533	-1
415.869	715.853	6.15588	0.0370105	5571328	10.7363	-1
319.669	640.398	5.38101	0.0381836	12517888	165.057	-1
577.968	231.508	10.2707	0.0355262	9175553	266.439	-1
318.898	532.072	1.83508	0.042259	1573375	350.196	-1
318.671	399.667	9.50341	0.0404317	3539457	342.673	-1
442.771	702.418	2.26774	0.0373296	131839	9.86575	-1
302.709	876.124	3.7711	0.0352381	3539200	100.641	-1
442.613	649.127	4.28359	0.0333216	12714240	273.982	-1
442.613	649.127	4.28359	0.0333216	12714240	9.93106	-1
440.613	238.357	2.12888	0.0400662	12321279	228.408	-1
440.247	774.091	3.60248	0.0399737	196864	243.615	-1
303.938	736.364	2.26238	0.0387159	16712191	153.404	-1
304.619	287.5	4.11937	0.03648	9896192	289.358	-1
316.884	293.474	6.30405	0.0371197	7275264	253.419	-1
437.493	653.127	7.27102	0.0353881	852225	230.778	-1
436.478	666.232	1.94048	0.0348074	5571071	22.8708	-1
435.775	234.826	1.82714	0.034355	1245695	280.011	-1
435.775	234.826	1.82714	0.034355	1245695	61.8664	-1
305.588	887.88	3.85403	0.0442708	5112064	277.938	-1
419.077	251.099	1.80505	0.0385593	393727	183.205	-1
306.398	527.23	8.5352	0.0345065	12452097	78.4761	-1
316.114	296.383	3.16428	0.0376239	7537663	303.418	-1
306.398	527.23	8.5352	0.0345065	12452097	255.089	-1
432.162	696.383	1.93141	0.0376675	5243391	195.369	-1
310.001	749.948	2.16181	0.0346414	13435391	152.75	-1
310.001	749.948	2.16181	0.0346414	13435391	325.113	-1
429.572	706.222	2.53198	0.0356347	8127231	196.429	-1
315.175	520.627	2.30751	0.040825	1442559	176.827	-1
428.678	649.813	1.8713	0.0342576	2949631	226.867	-1
310.17	292.484	2.20621	0.0412491	14877183	304.147	-1
310.801	877.578	4.14474	0.0371573	10354944	119.414	-1
426.711	754.125	10.0461	0.0480597	7537153	45.2682	-1
315.175	520.627	2.30751	0.040825	1442559	124.256	-1
315.175	520.627	2.30751	0.040825	1442559	10.9928	-1
426.424	197.353	1.89043	0.0346177	3736063	220.38	-1
425.988	204.865	2.31512	0.0348689	1639167	324.658	-1
550.972	492.611	4.92126	0.0469877	6095360	178.984	-1
310.801	877.578	4.14474	0.0371573	10354944	289.747	-1
424.369	635.578	3.08661	0.0353339	5768191	218.617	-1
314.023	358.403	31.1072	0.0411282	5767427	109.397	-1
445.662	494.049	8.90737	0.0329424	15532289	82.2314	-1
468.227	253.101	10.5179	0.0321056	10879489	260.909	-1
337.628	784.575	9.74513	0.0312013	5374465	122.012	-1
271.135	849.991	2.01689	0.0328253	8389119	139.12	-1
313.138	672.429	11.8091	0.0319426	2556673	233.161	-1
494.646	476.989	4.09231	0.0324465	9437440	84.1104	-1
332.966	220.661	1.9049	0.0326036	4260351	280.141	-1
266.534	848.853	3.30435	0.0311507	10683391	290.663	-1
266.534	848.853	3.30435	0.0311507	10683391	118.844	-1
396.496	698.666	3.00547	0.0306571	3802111	204.336	-1
606.97	246.683	2.00212	0.0306291	7864831	19.3579	-1
337.628	784.575	9.74513	0.0312013	5374465	275.786	-1
385.436	427.976	2.71546	0.0305287	13173503	251.413	-1
266.028	543.087	2.59821	0.0323095	10027775	188.981	-1
555.908	877.517	3.41733	0.0305074	13108223	260.873	-1
399.26	270.49	2.10815	0.032663	11600383	237.327	-1
508.719	482.201	2.56744	0.0303891	9110271	2.43378	-1
508.719	482.201	2.56744	0.0303891	9110271	189.17	-1
260.155	724.085	1.991	0.0312267	7471615	152.502	-1
332.349	717.757	1.94427	0.0318806	5767679	149.719	-1
400.918	161.955	12.7287	0.0318212	7930625	268.162	-1
278.938	429.51	1.91145	0.0303814	4522495	299.718	-1
351.984	276.39	1.81337	0.0316271	721407	84.0181	-1
257.278	724.42	2.47361	0.0305301	6423295	353.375	-1
429.214	495.09	10.7625	0.0309904	12517889	258.635	-1
257.092	635.018	2.09415	0.0301024	11141631	72.3435	-1
315.274	798.44	51.9728	0.0305484	9437955	123.02	-1
555.908	877.517	3.41733	0.0305074	13108223	93.5009	-1
430.225	646.987	6.37253	0.031959	8061696	228.327	-1
351.984	276.39	1.81337	0.0316271	721407	24.0951	-1
210.633	331.388	2.09816	0.0308873	11272703	179.7	-1
254.579	639.509	1.8662	0.0327457	2753023	355.825	-1
254.579	639.509	1.8662	0.0327457	2753023	157.858	-1
330.671	729.009	2.43034	0.0313152	5178111	329.995	-1
328.857	276.903	1.80718	0.0301914	459263	284.624	-1
328.857	276.903	1.80718	0.0301914	459263	135.524	-1
251.574	635.241	2.18354	0.0315106	14156287	324.448	-1
481.181	157.42	7.39132	0.0324314	2031873	268.064	-1
325.117	241.343	1.88271	0.0302627	3408383	282.975	-1
325.117	241.343	1.88271	0.0302627	3408383	202.599	-1
315.274	798.44	51.9728	0.0305484	9437955	280.069	-1
521.914	477.316	4.00718	0.0329404	7930112	71.4663	-1
521.914	477.316	4.00718	0.0329404	7930112	101.624	-1
572.551	218.094	11.851	0.0329039	2753281	261.713	-1
410.223	499.354	8.97589	0.0304899	16122113	77.7254	-1
471.085	674.965	2.09423	0.0317033	11141631	48.6258	-1
410.223	499.354	8.97589	0.0304899	16122113	257.843	-1
433.174	692.913	2.05083	0.03166	9568767	197.475	-1
295.299	755.46	4.97632	0.0309824	6881792	161.426	-1
228.524	348.829	1.84277	0.0323505	1835519	217.544	-1
466.586	384.379	1.99933	0.0305919	7733759	37.5625	-1
587.173	417.71	6.69667	0.0313191	11666176	352.006	-1
223.661	887.572	1.95637	0.030344	6160895	256.09	-1
435.413	685.601	2.07423	0.032418	10420735	199.874	-1
223.661	887.572	1.95637	0.030344	6160895	98.3951	-1
366.013	197.314	2.34063	0.0303382	2425599	216.171	-1
220.051	355.474	1.98384	0.0324653	7209471	220.525	-1
460.176	219.595	2.47847	0.0310229	6619903	289.824	-1
460.176	219.595	2.47847	0.0310229	6619903	41.965	-1
217.906	357.742	1.99514	0.0323781	7602687	220.816	-1
585.47	415.861	2.1476	0.0316215	12911103	332.873	-1
212.094	364.601	1.99881	0.0328581	7733759	220.473	-1
322.432	715.04	2.06715	0.0302787	10158591	329.706	-1
214.982	341.655	1.89722	0.0321044	3998207	137.352	-1
450.331	764.432	8.50318	0.0305874	12189953	254.867	-1
449.077	736.095	1.97022	0.0318501	6685183	194.369	-1
445.662	494.049	8.90737	0.0329424	15532289	256.082	-1
416.582	213.874	1.88183	0.0308687	3408383	265.583	-1
303.297	680.398	5.17001	0.0328161	9634304	321.005	-1
613.939	187.211	3.84106	0.0300859	4849920	4.94318	-1
593.158	448.432	1.94888	0.0281962	5898751	284.189	-1
334.974	737.611	3.04191	0.0291526	4719615	330.131	-1
314.012	302.484	2.30041	0.0293504	1180415	139.348	-1
554.968	497.691	3.22464	0.0299957	8913919	175.49	-1
302.217	725.528	1.8871	0.0298098	3604991	160.898	-1
276.539	544.393	7.87186	0.0293112	6619393	62.1318	-1
276.539	544.393	7.87186	0.0293112	6619393	243.852	-1
212.896	322.089	1.91862	0.0292995	4784639	207.342	-1
421.265	637.4	20.8275	0.0284047	10158594	253.043	-1
416.968	493.038	3.06761	0.0282904	5309439	61.1144	-1
421.265	637.4	20.8275	0.0284047	10158594	133.715	-1
402.673	661.638	12.6898	0.0285478	7734017	81.3791	-1
402.673	661.638	12.6898	0.0285478	7734017	265.43	-1
535.129	482.488	2.65326	0.0283144	11535103	350.944	-1
430.544	681.628	30.0741	0.0289535	3277059	7.5903	-1
535.129	482.488	2.65326	0.0283144	11535103	177.995	-1
350.646	515.361	8.60089	0.0281228	13041921	255.323	-1
597.219	232.697	2.35244	0.0289538	2818815	295.966	-1
282.859	695.674	2.06041	0.0290234	9961983	169.769	-1
484.538	250.58	8.58363	0.0284462	12845313	260.774	-1
350.646	515.361	8.60089	0.0281228	13041921	70.249	-1
405.829	660.869	10.9929	0.0286908	14090753	262.646	-1
602.373	328.945	2.40397	0.0288455	4391679	69.8258	-1
325.678	897.069	5.56218	0.0281543	14942720	95.3802	-1
250.426	594.623	2.43654	0.0285206	5374719	67.813	-1
432.144	637.653	5.73189	0.0291973	393984	103.759	-1
479.113	670.162	5.15697	0.0286066	9437696	50.126	-1
432.144	637.653	5.73189	0.0291973	393984	243.315	-1
532.835	864.428	4.44733	0.0290016	15466752	246.715	-1
408.231	197.328	1.84891	0.0300512	2097663	236.29	-1
532.835	864.428	4.44733	0.0290016	15466752	73.8858	-1
453.246	592.338	15.7491	0.0291979	6619394	347.404	-1
476.066	225.821	1.87207	0.0286588	3015167	260.321	-1
417.228	194.856	2.02016	0.028165	8520191	229.08	-1
437.101	731.046	2.09558	0.0288733	11141631	10.7056	-1
290.801	826.406	1.80937	0.0292951	524799	161.381	-1
292.197	762.018	3.70795	0.0283761	2294016	130.111	-1
292.197	762.018	3.70795	0.0283761	2294016	323.811	-1
292.382	762.273	3.57467	0.02854	16385023	121.844	-1
292.382	762.273	3.57467	0.02854	16385023	323.247	-1
293.15	714.939	1.91794	0.0286537	4784639	339.388	-1
419.167	199.45	13.9376	0.0300801	14484225	240.536	-1
602.373	328.945	2.40397	0.0288455	4391679	327.897	-1
411.946	796.397	1.90157	0.0300761	4129279	59.502	-1
536.21	506.523	3.75086	0.0300576	3145984	314.756	-1
305.587	733.759	1.85844	0.0283895	2490879	151.694	-1
583.097	343.972	2.06544	0.0282322	10093055	345.858	-1
305.888	770.93	2.23146	0.0293228	15729151	116.65	-1
574.64	223.004	4.15157	0.0296052	10486016	261.824	-1
527.415	840.966	7.917	0.0297984	7012609	15.158	-1
347.214	688.5	3.37143	0.0295339	12125183	95.0111	-1
527.415	840.966	7.917	0.0297984	7012609	163.871	-1
407.272	512.422	7.9601	0.0281124	7405825	259.689	-1
430.858	366.235	77.1696	0.0279957	4588036	256.467	-1
335.495	898.218	5.62151	0.0277208	15663616	98.2398	-1
319.708	525.176	8.99565	0.0255823	16253185	81.9182	-1
319.708	525.176	8.99565	0.0255823	16253185	256.086	-1
416.725	520.556	10.2574	0.0261777	9044481	254.674	-1
391.409	721.059	1.83562	0.0271198	1573375	194.673	-1
568.452	331.043	1.95802	0.0258979	6226431	140.19	-1
434.147	689.2	2.00922	0.0280677	8126975	198.456	-1
592.771	230.514	2.02612	0.0272096	8716799	291.107	-1
421.414	508.383	6.89085	0.0256348	13697792	258.328	-1
390.372	764.096	6.32008	0.0262858	7471872	97.1477	-1
538.88	256.769	17.3201	0.0278858	13500674	250.904	-1
365.615	525.288	5.04487	0.0264814	7864832	280.424	-1
292.757	867.348	3.90602	0.0263944	6095104	299.012	-1
420.056	750.696	2.11829	0.0263157	11928063	190.408	-1
292.757	867.348	3.90602	0.0263944	6095104	115.312	-1
297.996	894.958	1.90939	0.0263423	4456959	110.056	-1
490.111	173.13	2.21699	0.027097	15204863	236.745	-1
365.615	525.288	5.04487	0.0264814	7864832	71.1199	-1
496.436	734.976	1.89946	0.0277057	4063743	203.183	-1
389.348	730.681	2.28108	0.0263334	590591	194.551	-1
306.636	882.101	4.51434	0.0278159	16515328	118.128	-1
342.365	270.254	2.54265	0.0268701	8454911	142.642	-1
334.334	800.572	9.93339	0.0273222	6750721	120.17	-1
350.071	403.331	2.9267	0.025855	1901567	120.645	-1
306.636	882.101	4.51434	0.0278159	16515328	285.902	-1
576.145	341.229	2.25134	0.026126	16318975	151.435	-1
540.13	349.087	2.14061	0.0259029	12714495	257.472	-1
510.416	160.513	11.1435	0.0262869	15073793	266.476	-1
451.582	756.646	4.34787	0.0267276	13828352	40.0024	-1
245.125	626.548	2.72559	0.0274594	13435647	337.009	-1
288.02	731.356	2.04931	0.0261732	9568767	161.283	-1
313.397	407.939	2.22723	0.027975	15598079	330.922	-1
271.418	425.785	1.89581	0.0273249	3932671	296.577	-1
491.318	750.39	2.01656	0.0276287	8389119	31.264	-1
350.455	205.723	3.47006	0.0255816	14222335	182.378	-1
333.839	532.154	9.46438	0.0273837	3211777	255.559	-1
301.088	870.057	4.76061	0.0259943	3670528	105.58	-1
491.384	574.606	15.8332	0.0276146	7012610	107.221	-1
405.28	647.917	1.87233	0.0266186	3015167	277.582	-1
358.16	524.441	8.6048	0.0272466	13041921	260.392	-1
395.994	154.648	3.43142	0.0261912	13435903	268.337	-1
396.111	154.843	3.63012	0.0258525	786688	267.391	-1
534.255	477.601	4.65983	0.0277572	2097664	117.917	-1
413.63	262.265	5.09585	0.0267154	8585728	265.795	-1
581.131	408.477	2.26147	0.0256612	16646655	357.565	-1
285.375	857.643	3.07535	0.0266544	5506047	112.795	-1
350.071	403.331	2.9267	0.025855	1901567	261.842	-1
597.512	277.863	2.53986	0.0279652	8389375	16.9954	-1
265.949	604.947	2.6839	0.0263693	12321535	156.219	-1
274.766	840.892	10.0567	0.02695	7602689	302.51	-1
605.656	325.309	3.2124	0.0261255	8651775	12.5944	-1
484.286	756.634	2.31836	0.0259513	1770239	223.495	-1
413.361	506.999	3.89883	0.0254481	5964032	254.249	-1
242.246	174.811	2.6586	0.0253245	11666175	131.852	-1
415.802	732.042	2.5996	0.0253775	10027775	12.0126	-1
396.911	170.358	2.32946	0.0253632	2097919	86.0854	-1
339.911	288.041	1.85245	0.0254098	2228735	250.088	-1
582.46	423.931	2.09675	0.0253557	11207167	356.211	-1
298.085	881.921	2.27926	0.0253741	525055	114.867	-1
245.872	878.704	2.38936	0.0252785	3932927	81.7613	-1
327.684	233.482	2.31341	0.0252487	1573631	134.961	-1
334.729	224.41	8.41785	0.0251254	11469057	247.252	-1
449.588	499.093	1.95799	0.0251096	6226431	267.114	-1
347.441	402.465	1.90157	0.0250712	4129279	269.138	-1
347.441	402.465	1.90157	0.0250712	4129279	129.615	-1
