837.513	438.766	2.91952	0.0476489	1704959	348.438	-1
67.022	570.952	5.07356	0.0339034	8258048	153.101	-1
67.022	570.952	5.07356	0.0339034	8258048	210.907	-1
836.973	555.977	3.06553	0.0216772	5243903	186.876	-1
836.476	546.427	2.19058	0.0228739	14352895	196.45	-1
67.091	553.756	4.8304	0.0295297	4719104	157.861	-1
67.091	553.756	4.8304	0.0295297	4719104	208.548	-1
67.1492	451.038	4.97537	0.032086	6881792	152.882	-1
67.1492	451.038	4.97537	0.032086	6881792	206.835	-1
67.2261	605.565	5.07148	0.0258035	8258048	210.483	-1
67.2943	467.747	4.92843	0.0322995	6160896	152.638	-1
67.2943	467.747	4.92843	0.0322995	6160896	206.758	-1
67.3869	622.948	5.1254	0.0278081	8978944	154.516	-1
67.3869	622.948	5.1254	0.0278081	8978944	202.721	-1
67.6609	587.632	4.18679	0.0323081	11075840	150.931	-1
67.7303	502.324	4.57673	0.0317142	786944	151.84	-1
67.7303	502.324	4.57673	0.0317142	786944	207.73	-1
67.7588	434.352	4.39076	0.0268831	14549248	211.742	-1
67.8076	536.293	4.4762	0.0291785	15925504	147.295	-1
67.8076	536.293	4.4762	0.0291785	15925504	212.536	-1
67.8462	579.485	4.81823	0.0382954	4522496	152.086	-1
67.8462	579.485	4.81823	0.0382954	4522496	212.017	-1
67.8591	519.328	4.32523	0.0315997	13435136	145.699	-1
67.9795	562.186	4.90777	0.033584	5898752	154.304	-1
67.9795	562.186	4.90777	0.033584	5898752	210.374	-1
67.9815	442.428	4.78119	0.0335294	3998208	212.113	-1
68.0202	459.389	4.65154	0.0335416	1966592	152.981	-1
68.0202	459.389	4.65154	0.0335416	1966592	207.224	-1
836.377	517.765	8.3643	0.035977	11010305	165.638	-1
836.13	592.937	1.95999	0.044099	6291967	69.2362	-1
68.1678	476.472	4.73354	0.0324595	3277312	206.033	-1
68.2193	631.46	3.54223	0.0416501	15729663	92.5495	-1
68.2193	631.46	3.54223	0.0416501	15729663	210.891	-1
68.224	527.407	4.78742	0.030996	4063744	153.652	-1
68.224	527.407	4.78742	0.030996	4063744	207.374	-1
68.2364	613.885	4.79695	0.0288835	4194816	153.285	-1
68.2364	613.885	4.79695	0.0288835	4194816	210.687	-1
68.263	510.918	4.90348	0.0325526	5833216	151.492	-1
68.263	510.918	4.90348	0.0325526	5833216	208.507	-1
68.2922	493.688	4.83243	0.0323935	4719104	151.655	-1
68.2922	493.688	4.83243	0.0323935	4719104	205.249	-1
68.4028	544.989	4.93194	0.0297861	6226432	158.955	-1
68.4028	544.989	4.93194	0.0297861	6226432	206.757	-1
68.4076	391.222	4.21756	0.0220372	11600128	147.384	-1
68.4076	391.222	4.21756	0.0220372	11600128	274.666	-1
68.9935	631.029	4.22033	0.0410606	11665664	91.862	-1
68.9935	631.029	4.22033	0.0410606	11665664	206.91	-1
836.063	540.115	2.13391	0.0244997	12452351	221.523	-1
71.8101	432.414	1.90704	0.0224724	4325887	174.152	-1
72.9117	588.718	3.77174	0.0219179	3539200	166.525	-1
78.5145	633.996	2.62022	0.0205671	10617599	80.528	-1
79.0717	622.629	17.2138	0.0330745	13041922	88.5235	-1
79.24	579.302	19.8312	0.0308136	6619650	177.59	-1
80.0899	402.19	18.1625	0.0194959	262658	198.117	-1
80.6497	445.747	21.9647	0.0304414	13959682	185.991	-1
87.6186	632.51	2.04221	0.0212197	9306623	81.2411	-1
955.151	468.934	4.70994	0.0309275	2884096	331.58	-1
89.6469	634.025	4.58359	0.0204604	918016	86.9327	-1
91.5669	632.71	2.48165	0.0203091	6685439	94.2234	-1
955.151	468.934	4.70994	0.0309275	2884096	27.9771	-1
955.135	554.22	4.45579	0.0313465	15597824	325.594	-1
955.135	554.22	4.45579	0.0313465	15597824	35.4505	-1
97.9986	429.061	4.73937	0.0196409	3342848	313.353	-1
955.103	451.817	4.7816	0.0313739	3998208	330.282	-1
955.103	451.817	4.7816	0.0313739	3998208	28.3983	-1
102.79	632.919	3.62843	0.0222321	721152	100.343	-1
102.92	632.535	3.18147	0.0226769	7930879	102.926	-1
955.089	520.05	4.36552	0.0309278	14090496	324.834	-1
103.761	434.184	4.49613	0.0236758	16253184	195.23	-1
103.761	434.184	4.49613	0.0236758	16253184	218.222	-1
103.761	434.184	4.49613	0.0236758	16253184	323.134	-1
103.761	434.184	4.49613	0.0236758	16253184	346.934	-1
835.708	435.091	2.24575	0.026695	16187903	335.921	-1
108.942	631.324	3.24068	0.0236132	9241599	72.8113	-1
108.942	631.324	3.24068	0.0236132	9241599	105.023	-1
835.638	549.978	2.15643	0.0259655	13238783	161.16	-1
115.154	632.576	3.30612	0.0240056	10748927	98.2415	-1
115.157	632.92	3.66958	0.0236076	1573120	95.6148	-1
115.574	434.484	4.86407	0.0240502	5243392	220.348	-1
115.574	434.484	4.86407	0.0240502	5243392	314.876	-1
115.574	434.484	4.86407	0.0240502	5243392	335.019	-1
955.089	520.05	4.36552	0.0309278	14090496	34.4358	-1
115.882	476.005	87.6852	0.0353926	13828612	182.935	-1
955.061	502.782	4.49345	0.0315781	16187648	324.745	-1
121.241	630.912	3.52364	0.0243736	15336447	84.8773	-1
121.241	630.912	3.52364	0.0243736	15336447	105.187	-1
835.617	444.398	2.93349	0.0288608	2098175	3.44482	-1
834.117	519.105	4.20935	0.035238	11469056	168.921	-1
834.036	461.624	2.02739	0.0211758	8782335	329.953	-1
837.59	549.103	4.84733	0.0290929	4981248	181.383	-1
121.772	429.124	4.74128	0.0189604	3342848	223.436	-1
121.772	429.124	4.74128	0.0189604	3342848	314.732	-1
127.72	632.948	3.84522	0.0246819	4915456	100.321	-1
955.061	502.782	4.49345	0.0315781	16187648	34.7363	-1
955.045	537.005	4.33026	0.0311919	13500672	325.367	-1
955.045	537.005	4.33026	0.0311919	13500672	34.3468	-1
128.335	434.586	5.17842	0.0227124	9765376	194.475	-1
831.887	580.866	16.1689	0.0492109	8519938	76.0789	-1
831.887	580.866	16.1689	0.0492109	8519938	62.4275	-1
954.907	562.761	4.90972	0.0316031	5898752	330.621	-1
954.907	562.761	4.90972	0.0316031	5898752	30.7871	-1
954.821	511.463	4.92743	0.0311419	6160896	330.479	-1
140.989	629.417	2.06856	0.0247695	10224127	80.6824	-1
144.802	631.982	3.76718	0.0211453	3473664	82.0047	-1
954.805	434.662	4.4917	0.0232978	16187648	321.722	-1
147.914	628.66	1.81005	0.0251177	590335	84.3588	-1
153.944	505.003	18.886	0.0240904	3080706	351.582	-1
154.625	629.11	1.94166	0.0212862	5636607	76.2579	-1
156.426	626.358	2.30791	0.0230545	1442559	74.4724	-1
158.47	574.162	2.36444	0.0353059	3212031	58.6412	-1
158.47	574.162	2.36444	0.0353059	3212031	277.68	-1
159.313	570.895	2.1707	0.0313578	13697535	69.2597	-1
159.313	570.895	2.1707	0.0313578	13697535	322.029	-1
160.617	562.921	1.90285	0.0322882	4194815	147.538	-1
160.617	562.921	1.90285	0.0322882	4194815	250.786	-1
954.72	545.637	5.0075	0.0314415	7340544	332.208	-1
161.029	522.417	1.91085	0.0196836	4456959	20.4805	-1
161.802	568.505	2.97064	0.0305087	2950143	143.816	-1
161.864	560.06	2.08917	0.0350969	10945023	109.479	-1
161.864	560.06	2.08917	0.0350969	10945023	252.382	-1
162.509	627.095	2.63146	0.0214358	10945279	71.639	-1
162.559	475.501	2.15066	0.0208383	13042175	23.2176	-1
162.932	439.359	41.1387	0.024657	9241091	270.71	-1
163.508	420.566	2.4438	0.0187891	5571327	276.182	-1
831.13	507.206	5.28025	0.0218017	11141632	164.067	-1
166.154	510.333	1.96217	0.0348463	6423039	25.0081	-1
166.154	510.333	1.96217	0.0348463	6423039	126.126	-1
166.855	513.628	4.96195	0.0322565	6685184	30.0362	-1
166.855	513.628	4.96195	0.0322565	6685184	112.52	-1
954.72	545.637	5.0075	0.0314415	7340544	27.6302	-1
954.72	528.286	4.88364	0.0310414	5505536	331.211	-1
954.72	528.286	4.88364	0.0310414	5505536	25.2575	-1
167.064	533.404	2.49146	0.0195972	6947583	286.645	-1
167.154	560.038	2.08402	0.0314444	10748415	81.534	-1
167.477	625.149	2.07839	0.0202399	10551807	70.0515	-1
169.864	561.071	3.80331	0.0359097	4129024	89.3973	-1
169.944	573.102	2.97858	0.0372838	3146751	185.816	-1
169.944	573.102	2.97858	0.0372838	3146751	353.062	-1
954.719	485.672	4.23751	0.032289	11927808	324.757	-1
954.719	485.672	4.23751	0.032289	11927808	35.7962	-1
830.92	444.168	3.32244	0.0262448	11076607	1.11255	-1
172.967	560.016	2.02224	0.0321927	8585727	95.8311	-1
173.967	563.96	3.12393	0.0334267	6620159	358.598	-1
830.828	512.238	2.62752	0.0242839	10814207	162.657	-1
175.483	504.307	2.39317	0.0210391	4063999	286.771	-1
177.438	479.12	25.0022	0.0368659	6619906	355.046	-1
177.671	573.758	2.28133	0.0351391	590591	351.746	-1
177.861	566.532	2.83824	0.0237718	16384767	359.956	-1
178.139	560.436	2.6476	0.0305332	11338495	86.2403	-1
954.661	392.192	4.0523	0.0203238	8716544	272.591	-1
179.369	566.37	10.7894	0.0194071	12714497	91.4471	-1
179.369	566.37	10.7894	0.0194071	12714497	276.196	-1
180.658	563.562	2.18162	0.0438816	14090751	0.608826	-1
180.658	563.562	2.18162	0.0438816	14090751	180.246	-1
182.586	416.699	5.32631	0.0207118	11796992	228.283	-1
182.586	416.699	5.32631	0.0207118	11796992	286.809	-1
182.944	560.707	2.5899	0.0319662	9765631	101.172	-1
182.944	560.707	2.5899	0.0319662	9765631	152.067	-1
183.486	573.765	2.32052	0.0344759	1835775	166.694	-1
183.486	573.765	2.32052	0.0344759	1835775	309.23	-1
830.458	551.19	1.9496	0.0241835	5964287	199.484	-1
183.948	459.158	2.80403	0.0219334	15532799	77.7047	-1
184.022	460.223	4.39018	0.0215527	14483712	75.3995	-1
184.258	512.065	8.17245	0.0466403	9306369	290.37	-1
186.198	568.845	3.55042	0.0321808	15860735	11.5054	-1
186.795	508.855	1.86153	0.0214685	2621951	284.849	-1
954.661	392.192	4.0523	0.0203238	8716544	30.3879	-1
189.033	574.094	2.07458	0.0340003	10420735	9.72583	-1
954.646	494.403	4.89759	0.0317742	5702144	331.845	-1
190.372	567.521	2.14092	0.0283721	12714495	12.8978	-1
190.73	619.061	1.99541	0.0197563	7602687	79.6853	-1
192.874	561.716	3.87707	0.0367036	5505280	17.8422	-1
954.646	494.403	4.89759	0.0317742	5702144	28.3235	-1
954.615	460.313	4.66362	0.0319311	2163200	330.985	-1
954.615	460.313	4.66362	0.0319311	2163200	26.0486	-1
192.99	574.122	2.30867	0.0269479	1442559	238.628	-1
192.99	574.122	2.30867	0.0269479	1442559	304.026	-1
194.206	481.652	6.74822	0.0460751	12190464	109.926	-1
954.487	477.583	5.02241	0.0316712	7537152	332.769	-1
195.332	487.978	3.75314	0.0202423	3145984	103.767	-1
195.462	487.036	2.37806	0.0211417	3605247	102.977	-1
195.537	567.136	2.081	0.0265156	10682879	168.827	-1
196.212	618.096	2.74023	0.0205753	13828863	75.7187	-1
196.944	574.036	2.22553	0.0339549	15532543	172.016	-1
196.944	574.036	2.22553	0.0339549	15532543	313.064	-1
198.566	534.994	2.19456	0.0191853	14483967	254.481	-1
954.487	477.583	5.02241	0.0316712	7537152	30.3558	-1
954.357	571.749	3.91777	0.0317792	6291712	326.54	-1
200.116	423.104	3.6875	0.0189926	1900800	9.14178	-1
200.116	423.104	3.6875	0.0189926	1900800	172.243	-1
200.361	560.39	2.5394	0.0390994	8323839	158.883	-1
200.361	560.39	2.5394	0.0390994	8323839	353.646	-1
201.156	455.276	3.6624	0.0199504	1376512	99.8426	-1
201.462	412.584	8.26001	0.0206839	10092801	280.731	-1
201.64	536.297	1.87638	0.0220315	3146239	250.874	-1
203.258	572.995	2.97486	0.0341824	3081215	203.755	-1
204.57	566.862	11.9874	0.0224919	3605249	88.4674	-1
204.824	460.156	4.20083	0.0206467	11337984	104.15	-1
205.143	410.081	3.41273	0.029608	13042687	271.673	-1
830.08	581.914	1.85231	0.02073	2228735	109.927	-1
206.517	616.5	2.59513	0.0197671	9896703	81.0974	-1
206.542	467.902	13.4769	0.0406045	12059393	104.628	-1
206.967	571.214	2.38446	0.0346469	3801855	194.37	-1
206.967	571.214	2.38446	0.0346469	3801855	342.193	-1
207.059	560.505	2.52573	0.0357632	7930623	25.2231	-1
209.133	460.159	2.0558	0.0196515	9765375	108.025	-1
209.267	478.703	5.18902	0.0324178	9896448	206.296	-1
209.267	478.703	5.18902	0.0324178	9896448	287.415	-1
210.778	573.327	2.79794	0.0362362	15336191	194.681	-1
213.387	560.646	2.49326	0.0359138	7013119	28.1758	-1
213.387	560.646	2.49326	0.0359138	7013119	180.901	-1
216.706	486.13	11.9174	0.0395203	3212033	26.4507	-1
216.706	486.13	11.9174	0.0395203	3212033	118.675	-1
216.873	494.262	1.88833	0.0191187	3604991	132.305	-1
216.957	471.485	1.9733	0.0208172	6816255	203.346	-1
219.317	566.883	2.96324	0.0231119	2819071	359.222	-1
219.345	494.294	5.23711	0.0336848	10551808	11.7792	-1
219.345	494.294	5.23711	0.0336848	10551808	130.204	-1
219.351	560.482	2.63723	0.0311214	11076351	87.4818	-1
219.807	495.603	4.33765	0.0340468	13631744	7.61261	-1
219.807	495.603	4.33765	0.0340468	13631744	134.392	-1
221.803	570.468	2.00314	0.0408243	7930367	1.20599	-1
221.803	570.468	2.00314	0.0408243	7930367	176.502	-1
222.267	566.734	12.151	0.0204496	4588289	88.5313	-1
222.334	423.834	3.41787	0.0196771	13108223	16.8278	-1
222.334	423.834	3.41787	0.0196771	13108223	175.337	-1
222.925	411.074	4.11973	0.0291581	9896192	267.713	-1
223.199	566.9	2.57431	0.0200903	9306879	175.362	-1
223.558	560.524	2.42529	0.0286803	5047039	104.375	-1
223.71	538.79	23.5893	0.0295943	2425602	252.782	-1
223.71	538.79	23.5893	0.0295943	2425602	293.041	-1
226.075	483.935	2.45235	0.0194114	5833471	19.8645	-1
226.166	414.14	2.41991	0.0211132	4850431	72.3851	-1
227.519	480.15	2.2509	0.0193317	16318975	25.6849	-1
227.646	417.675	2.3965	0.0188638	4129535	67.424	-1
227.646	417.675	2.3965	0.0188638	4129535	294.75	-1
227.697	410.569	2.68731	0.0314368	12452607	275.484	-1
837.902	542.723	1.84551	0.0667774	1966591	210.474	-1
954.357	571.749	3.91777	0.0317792	6291712	32.5803	-1
230.542	442.536	39.7149	0.0288305	6685187	272.849	-1
954.314	579.938	5.03543	0.0317041	7733760	330.043	-1
231.006	573.557	3.14705	0.034452	7144447	273.801	-1
231.018	560.608	3.16559	0.0343487	7603199	84.433	-1
232.116	472.565	2.01908	0.0205117	8454655	38.236	-1
233.535	566.976	1.98362	0.0292593	7209471	131.346	-1
233.535	566.976	1.98362	0.0292593	7209471	231.635	-1
233.685	574.104	2.07476	0.0316033	10420735	263.852	-1
233.698	560.056	2.10322	0.0338177	11403775	94.5256	-1
234.816	570.399	3.21446	0.0342487	8651775	358.963	-1
234.882	563.536	3.13623	0.0331574	6882303	1.18127	-1
838.226	507.833	2.00203	0.0299456	7864831	225.905	-1
238.028	411.165	3.74299	0.0295878	2949376	263.458	-1
239.61	560.611	2.83533	0.0307922	16319231	86.901	-1
241.146	568.862	5.42771	0.022205	13173248	269.387	-1
241.605	417.462	5.15089	0.0223463	9372160	270.87	-1
828.979	594.876	3.27962	0.0215301	10159103	77.3193	-1
828.858	461.996	3.94034	0.0263361	6684928	346.25	-1
828.858	461.996	3.94034	0.0263361	6684928	242.795	-1
242.395	563.331	2.15078	0.0421095	13042175	181.178	-1
244.558	560.698	2.49092	0.0293991	6947583	100.113	-1
245.1	573.92	2.25503	0.0348335	16450047	167.028	-1
245.1	573.92	2.25503	0.0348335	16450047	323.276	-1
245.448	411.206	3.69637	0.030603	2097408	275.836	-1
247.231	568.598	3.10451	0.0332138	6161407	359.378	-1
247.937	563.255	1.90872	0.0310454	4391423	0.123291	-1
250.878	573.696	2.34059	0.0345768	2425599	206.854	-1
250.878	573.696	2.34059	0.0345768	2425599	353.139	-1
954.314	579.938	5.03543	0.0317041	7733760	30.4398	-1
251.159	560.605	2.73117	0.0311647	13632255	85.6096	-1
954.243	588.316	3.83714	0.0298652	4784384	34.947	-1
954.152	443.016	5.34216	0.0320766	11993600	324.91	-1
954.152	443.016	5.34216	0.0320766	11993600	28.6076	-1
828.527	506.518	2.48421	0.024985	6750975	156.528	-1
828.52	577.238	3.94585	0.025754	6816000	245.452	-1
253.404	568.998	5.51166	0.0236343	14287360	190.395	-1
253.404	568.998	5.51166	0.0236343	14287360	269.066	-1
828.48	559.472	10.6703	0.0271631	11928065	201.594	-1
253.887	563.607	2.26134	0.0442899	16646655	182.2	-1
253.887	563.607	2.26134	0.0442899	16646655	359.887	-1
838.346	535.387	2.38101	0.0194157	3670783	178.832	-1
255.972	560.566	2.47915	0.0272092	6619903	103.258	-1
256.833	573.707	2.49041	0.0357225	6947583	163.84	-1
953.499	593.256	1.88176	0.0281438	3408383	322.034	-1
258.786	411.346	3.74232	0.0303755	2949376	264.643	-1
260.376	568.173	4.41172	0.0294967	14876928	188.644	-1
260.376	568.173	4.41172	0.0294967	14876928	343.372	-1
260.38	563.58	2.21955	0.0252607	15335935	330.393	-1
262.351	560.688	2.40157	0.0330361	4326143	128.91	-1
262.679	417.503	5.15048	0.0231418	9372160	270.201	-1
265.394	497.825	18.6668	0.0533849	2228738	32.4984	-1
265.394	497.825	18.6668	0.0533849	2228738	68.858	-1
265.394	497.825	18.6668	0.0533849	2228738	99.4248	-1
265.394	497.825	18.6668	0.0533849	2228738	164.688	-1
265.394	497.825	18.6668	0.0533849	2228738	197.562	-1
265.394	497.825	18.6668	0.0533849	2228738	242.002	-1
265.394	497.825	18.6668	0.0533849	2228738	292.438	-1
265.394	497.825	18.6668	0.0533849	2228738	330.57	-1
265.482	573.157	2.94025	0.0356453	2229247	188.234	-1
265.482	573.157	2.94025	0.0356453	2229247	352.227	-1
265.875	564.376	5.08623	0.0277164	8454656	197.409	-1
267.167	411.65	4.1028	0.0300846	9634048	276.834	-1
953.336	464.576	1.91549	0.0188573	4653567	42.1588	-1
268.541	560.861	2.6347	0.0333553	11010815	201.182	-1
827.113	548.413	3.04395	0.0220996	4719615	203.041	-1
826.933	522.796	2.11627	0.0250343	11862527	192.675	-1
942.794	448.243	20.3269	0.0293846	8389122	354.626	-1
942.252	579.396	21.6358	0.0268753	12911106	6.59912	-1
273.592	510.289	2.05093	0.0205706	9634303	53.3285	-1
826.674	519.029	7.03335	0.0290656	15205120	166.264	-1
277.063	490.656	2.2455	0.0214503	16187903	328.435	-1
826.658	509.958	2.68931	0.0335488	12518143	156.893	-1
278.197	411.7	4.14669	0.0301754	10420480	266.048	-1
826.408	544.528	2.29935	0.020516	1180415	347.76	-1
826.369	443.572	2.1343	0.0548876	12517887	194.223	-1
280.44	460.519	2.25877	0.019188	16581119	109.747	-1
283.998	614.515	2.35186	0.0235592	2818815	96.3814	-1
826.369	443.572	2.1343	0.0548876	12517887	6.63327	-1
285.814	411.803	4.1253	0.0289268	10027264	279.279	-1
292.905	446.947	25.7164	0.0271533	8717058	93.3511	-1
300.618	460.074	3.27346	0.0350073	10028031	85.6893	-1
300.618	460.074	3.27346	0.0350073	10028031	332.327	-1
826.117	590.486	4.8658	0.039308	5243392	80.14	-1
303.057	461.246	5.13973	0.0343851	9175552	86.0278	-1
304.005	461.677	5.79224	0.0339619	1114880	84.5282	-1
826.112	518.693	7.59909	0.0284999	4063489	166.456	-1
925.65	431.346	5.05059	0.0187774	7930368	229.266	-1
316.552	503.193	12.7433	0.0360698	8061697	193.525	-1
316.552	503.193	12.7433	0.0360698	8061697	349.244	-1
319.313	468.023	15.4218	0.0320288	5112066	109.481	-1
826.103	500.109	2.05994	0.0250769	9896447	145.328	-1
325.125	464.615	10.0182	0.027917	7340545	100.736	-1
325.125	464.615	10.0182	0.027917	7340545	132.962	-1
336.948	614.058	1.90528	0.0212784	4260351	90.0039	-1
337.807	523.399	18.6478	0.0334187	2163202	340.405	-1
338.872	469.67	6.5497	0.0363059	10027776	30.0899	-1
338.872	469.67	6.5497	0.0363059	10027776	150.494	-1
338.928	471.547	5.36381	0.0364832	12321280	27.0428	-1
338.928	471.547	5.36381	0.0364832	12321280	152.177	-1
339.156	450.026	22.6422	0.0286554	16187906	96.794	-1
340.793	613.999	1.87025	0.0213316	2949631	90.0107	-1
344.037	613.906	1.79781	0.0219939	66047	90.0058	-1
838.346	535.387	2.38101	0.0194157	3670783	332.501	-1
348.001	614.085	2.01293	0.021867	8258047	89.9937	-1
825.424	508.086	2.02407	0.0301834	8651263	150.655	-1
354.461	503.962	1.80404	0.021315	328191	193.641	-1
359.295	469.4	16.0987	0.0375276	8257794	72.0886	-1
359.295	469.4	16.0987	0.0375276	8257794	208.653	-1
824.692	581.882	1.93343	0.0363344	5308927	115.829	-1
370.234	464.32	8.36333	0.0336871	11010305	94.0899	-1
370.358	509.326	2.51755	0.0307246	7734015	26.7054	-1
370.358	509.326	2.51755	0.0307246	7734015	145.807	-1
371.349	496.023	19.6052	0.0418859	5767682	8.54382	-1
371.349	496.023	19.6052	0.0418859	5767682	202.089	-1
371.677	475.357	1.9741	0.0188712	6816255	210.307	-1
824.54	543.466	19.3308	0.0305982	4719106	308.993	-1
919.383	436.882	4.97541	0.0242858	6881792	349.377	-1
374.516	462.057	5.04746	0.0355604	7864832	95.6785	-1
374.516	462.057	5.04746	0.0355604	7864832	207.424	-1
376.211	467.415	1.98115	0.020441	7078399	213.486	-1
378.323	509.144	6.46583	0.030335	9110272	18.6666	-1
378.323	509.144	6.46583	0.030335	9110272	103.723	-1
919.383	436.882	4.97541	0.0242858	6881792	314.955	-1
380.272	447.938	21.005	0.0234846	10748418	269.94	-1
382.617	501.673	2.00161	0.0220813	7864831	4.02191	-1
386.042	461.157	3.5134	0.0324171	15139839	4.55441	-1
386.042	461.157	3.5134	0.0324171	15139839	85.666	-1
387.268	462.264	5.12095	0.0317069	8913408	83.8413	-1
390.161	464.644	8.7401	0.030323	14156033	84.4928	-1
838.453	462.496	2.15346	0.0453211	13107711	274.384	-1
397.949	470.723	17.2578	0.0374609	13238530	1.75916	-1
919.383	436.882	4.97541	0.0242858	6881792	228.551	-1
919.383	436.882	4.97541	0.0242858	6881792	189.89	-1
823.831	494.969	4.06827	0.0275034	8978688	151.128	-1
414.522	502.453	46.1909	0.0217627	918275	269.604	-1
823.464	436.757	2.20633	0.0526102	14877183	282.484	-1
420.111	482.522	2.07051	0.0189817	10289663	17.9051	-1
823.36	447.666	3.91236	0.019992	6160640	311.212	-1
424.211	451.662	27.0437	0.0308197	12321538	71.7584	-1
424.211	451.662	27.0437	0.0308197	12321538	269.513	-1
913.346	431.539	4.54583	0.0193312	328192	316.529	-1
432.014	464.497	2.0293	0.0189727	8847871	50.6975	-1
913.346	431.539	4.54583	0.0193312	328192	230.493	-1
913.328	444.603	4.22238	0.020234	11665664	359.212	-1
449.318	611.557	1.91964	0.0311827	4850175	89.4528	-1
913.328	444.603	4.22238	0.020234	11665664	180.443	-1
456.242	485.1	2.18508	0.0213996	14156287	257.65	-1
459.297	498.483	18.7125	0.050828	2425346	20.8003	-1
459.297	498.483	18.7125	0.050828	2425346	58.7966	-1
459.297	498.483	18.7125	0.050828	2425346	94.1062	-1
459.297	498.483	18.7125	0.050828	2425346	168.377	-1
459.297	498.483	18.7125	0.050828	2425346	204.771	-1
459.297	498.483	18.7125	0.050828	2425346	272.833	-1
459.297	498.483	18.7125	0.050828	2425346	332.519	-1
463.07	485.098	2.16949	0.0216673	13697535	279.308	-1
907.32	436.884	4.90776	0.0247339	5833216	347.933	-1
907.32	436.884	4.90776	0.0247339	5833216	320.87	-1
907.32	436.884	4.90776	0.0247339	5833216	219.588	-1
823.063	544.956	2.14196	0.0402004	12714495	342.918	-1
486.675	447.939	24.8326	0.0297655	6161154	95.1618	-1
486.675	447.939	24.8326	0.0297655	6161154	269.72	-1
491.122	554.815	3.10414	0.04121	6161407	318.787	-1
491.676	564.432	2.53485	0.037998	8192767	57.5522	-1
491.676	564.432	2.53485	0.037998	8192767	253.773	-1
494.156	559.066	2.86854	0.0248374	459775	43.5513	-1
497.449	462.006	5.01443	0.0354682	7406080	85.0025	-1
497.449	462.006	5.01443	0.0354682	7406080	338.654	-1
823.063	544.956	2.14196	0.0402004	12714495	158.456	-1
500	485.598	2.66281	0.0196586	11797247	165.688	-1
822.803	530.452	1.91076	0.0280247	4456959	185.731	-1
500.891	553.401	2.66322	0.0389191	11797247	21.78	-1
500.891	553.401	2.66322	0.0389191	11797247	196.573	-1
822.803	530.452	1.91076	0.0280247	4456959	13.6357	-1
503.461	556.715	2.68803	0.0250746	12452607	198.898	-1
907.32	436.884	4.90776	0.0247339	5833216	191.082	-1
907.171	632.606	2.17194	0.0188466	13763071	65.0702	-1
822.5	524.792	2.10174	0.021713	11403775	285.331	-1
505.173	559.861	2.36389	0.0386025	3146495	58.1522	-1
505.173	559.861	2.36389	0.0386025	3146495	260.735	-1
838.714	450.146	2.44235	0.0464502	5505791	225.707	-1
508.83	561.203	1.89497	0.0341781	3867135	250.493	-1
508.83	561.203	1.89497	0.0341781	3867135	351.262	-1
509.349	611.344	2.13617	0.0291864	12517887	86.5738	-1
509.972	503.331	12.742	0.0333913	7996161	194.342	-1
509.972	503.331	12.742	0.0333913	7996161	343.228	-1
511.292	558.194	4.68153	0.0344456	2425344	59.7311	-1
512.108	564.089	2.91859	0.0407245	1704959	188.05	-1
512.108	564.089	2.91859	0.0407245	1704959	340.296	-1
512.575	613.465	2.21427	0.0231767	15139327	90.0618	-1
513.398	468.644	15.1845	0.0323456	3997954	105.343	-1
515.178	557.879	2.05118	0.0240058	9634303	184.556	-1
515.57	504.454	4.84682	0.0194946	4981248	343.08	-1
516.341	552.595	2.49636	0.036888	7078655	55.3053	-1
516.341	552.595	2.49636	0.036888	7078655	217.225	-1
516.966	504.462	2.68156	0.0195566	12255999	348.534	-1
517.73	559.635	5.01318	0.0234457	7406080	195.034	-1
518.62	613.484	2.00417	0.0214024	7930367	85.4205	-1
821.398	440.696	4.34805	0.0311604	13828352	312.7	-1
821.227	617.11	2.05865	0.0228996	9896447	97.3198	-1
523.215	564.416	2.42949	0.0398921	5112575	66.2558	-1
523.215	564.416	2.42949	0.0398921	5112575	265.141	-1
523.451	561.039	2.47006	0.0247741	6357759	67.5109	-1
525.787	553.163	2.14647	0.0386597	12911103	111.28	-1
533.059	523.674	19.4901	0.0367648	5374466	199.233	-1
533.059	523.674	19.4901	0.0367648	5374466	335.754	-1
533.77	448.424	26.0259	0.0306491	9569026	89.9444	-1
533.77	448.424	26.0259	0.0306491	9569026	270.825	-1
533.795	555.978	2.44651	0.035899	5636863	24.6769	-1
533.795	555.978	2.44651	0.035899	5636863	208.308	-1
534.39	489.964	31.0332	0.0283338	5570819	90.2608	-1
820.38	545.264	1.82164	0.0326131	1049087	158.91	-1
536.319	613.503	2.36758	0.0208695	3277567	88.7701	-1
536.636	557.982	2.6688	0.0236273	11928319	210.585	-1
537.61	472.444	2.22724	0.0192877	15598079	21.6224	-1
538.993	564.638	1.9271	0.0393814	5112319	277.736	-1
539.534	555.289	2.19001	0.0360129	14352895	85.2648	-1
539.78	560.025	1.87651	0.0373236	3146239	85.7317	-1
539.78	560.025	1.87651	0.0373236	3146239	274.549	-1
901.436	431.853	4.42657	0.0194338	15139072	334.005	-1
544.866	560.074	8.02402	0.0257735	7995649	100.765	-1
544.866	560.074	8.02402	0.0257735	7995649	252.505	-1
546.207	464.639	8.67604	0.0279214	13631745	36.6881	-1
546.207	464.639	8.67604	0.0279214	13631745	80.5046	-1
546.996	559.969	2.58607	0.0284808	9634559	180.151	-1
547.024	555.629	2.64791	0.033516	11338495	94.1858	-1
547.024	555.629	2.64791	0.033516	11338495	173.756	-1
547.072	564.214	2.49767	0.0345191	7144191	185.936	-1
901.436	431.853	4.42657	0.0194338	15139072	217.825	-1
547.56	613.593	2.57613	0.0196385	9372415	89.5539	-1
550.028	560.98	2.09223	0.0257011	11076095	180.513	-1
820.38	545.264	1.82164	0.0326131	1049087	48.796	-1
553.591	560.076	2.27014	0.0393276	262911	61.1829	-1
901.18	441.154	4.401	0.0200633	14680320	358.234	-1
557.1	561.408	1.86268	0.0330726	2621951	254.067	-1
557.1	561.408	1.86268	0.0330726	2621951	354.828	-1
559.451	558.741	4.83525	0.0335774	4784640	56.9468	-1
559.451	558.741	4.83525	0.0335774	4784640	193.861	-1
819.919	435.154	2.49272	0.0390647	7013119	274.884	-1
560.206	564.499	2.88007	0.0389008	721919	188.331	-1
560.206	564.499	2.88007	0.0389008	721919	341.004	-1
901.18	441.154	4.401	0.0200633	14680320	182.06	-1
563.437	558.448	2.34441	0.0223766	2556671	192.156	-1
564.686	552.953	2.4495	0.0397749	5767935	53.8302	-1
564.686	552.953	2.4495	0.0397749	5767935	218.6	-1
819.694	546.96	3.17944	0.0333248	7865343	308.451	-1
573.312	476.892	12.4557	0.0265563	6357761	358.142	-1
574.558	559.8	11.1124	0.0202204	14811649	0.256683	-1
819.484	529.477	2.47884	0.0315983	6619903	291.249	-1
590.798	475.924	13.9358	0.0259747	14484225	358.248	-1
819.484	529.477	2.47884	0.0315983	6619903	189.812	-1
819.484	529.477	2.47884	0.0315983	6619903	57.5502	-1
819.424	454.813	3.97938	0.0197547	7405824	337.296	-1
594.594	534.739	1.8426	0.0228501	1835519	177.772	-1
895.154	436.807	4.74082	0.0260491	3342848	344.993	-1
895.154	436.807	4.74082	0.0260491	3342848	196.446	-1
596.076	531.044	3.61533	0.0239914	459008	177.681	-1
596.403	489.262	5.64455	0.0324703	15991296	181.796	-1
819.424	454.813	3.97938	0.0197547	7405824	254.697	-1
597.217	576.881	19.5831	0.0349966	5702146	109.077	-1
895.032	632.867	2.58025	0.0215891	9503487	107.202	-1
597.61	511.703	2.25007	0.0194814	16318975	170.004	-1
598.226	563.583	1.88229	0.0243533	3408383	118.945	-1
601.399	529.311	3.47698	0.0208918	14353407	189.23	-1
602.748	454.904	27.6471	0.0308617	13894402	230.051	-1
602.925	564.208	2.58187	0.0282861	9569023	103.075	-1
604.005	480.963	5.53094	0.0234287	14483968	228.911	-1
604.504	509.387	8.81952	0.0585342	14811393	187.337	-1
606.372	499.64	4.81065	0.024146	4391424	251.676	-1
607.036	567.747	2.5665	0.0283829	9110271	100.806	-1
607.103	521.972	2.00801	0.0311951	8061439	247.981	-1
607.13	611.496	2.09029	0.0269467	11010559	90.3712	-1
608.574	565.051	2.24683	0.0368624	16187903	102.278	-1
819.194	588.532	1.98387	0.032792	7209471	335.627	-1
609.399	494.115	9.17979	0.0229537	1049089	269.686	-1
610.584	520.117	6.51583	0.0204557	9634560	266.125	-1
819.194	588.532	1.98387	0.032792	7209471	31.0473	-1
611.207	530.299	9.12549	0.0638255	590337	54.8279	-1
611.207	530.299	9.12549	0.0638255	590337	180.41	-1
612.699	520.262	23.6373	0.0434149	2556674	180.695	-1
613.207	548.558	9.81845	0.028478	5898753	67.8475	-1
613.207	548.558	9.81845	0.028478	5898753	276.421	-1
613.207	548.558	9.81845	0.028478	5898753	317.308	-1
818.451	461.103	2.10665	0.044695	11534847	238.832	-1
818.451	461.103	2.10665	0.044695	11534847	205.777	-1
613.721	523.048	2.57297	0.0323575	9306879	272.722	-1
614.641	503.658	1.95244	0.032928	6029823	74.0556	-1
614.641	503.658	1.95244	0.032928	6029823	349.772	-1
617.379	475.951	11.6776	0.0276545	1704705	229.295	-1
619.266	510.31	2.41889	0.0217232	4850431	117.079	-1
619.521	514.285	3.07194	0.0306395	5374975	124.223	-1
620.047	533.385	4.19538	0.0233514	11206912	41.8888	-1
895.032	632.867	2.58025	0.0215891	9503487	73.802	-1
620.614	522.784	2.97491	0.0205435	3081215	303.696	-1
889.281	446.757	4.36912	0.0222778	14156032	358.306	-1
625.903	461.653	4.42456	0.0210121	15073536	229.812	-1
818.451	461.103	2.10665	0.044695	11534847	31.2884	-1
626.365	567.374	3.24118	0.0390211	9307135	95.588	-1
627.267	563.698	2.32363	0.0214814	1901311	314.581	-1
628.653	506.48	2.7367	0.0297282	13763327	10.5261	-1
628.653	506.48	2.7367	0.0297282	13763327	294.124	-1
629.829	521.289	4.75009	0.0227109	3473920	73.9752	-1
630.409	506.186	5.04109	0.0284131	7799296	304.18	-1
631.254	526.502	2.49858	0.0306847	7144191	286.513	-1
882.949	632.585	2.0765	0.0203494	10486271	107.069	-1
882.669	437.215	5.56192	0.0196206	14942720	346.429	-1
632.627	486.866	2.0523	0.0226352	9634303	102.884	-1
632.934	514.959	4.29764	0.0430955	12976384	301.785	-1
877.513	442.275	11.8068	0.0194906	2491137	243.392	-1
634.167	571.248	1.86715	0.0285646	2818559	97.2395	-1
634.595	522.156	2.66694	0.0277931	11862783	64.6065	-1
634.595	522.156	2.66694	0.0277931	11862783	285.405	-1
635.51	499.718	13.2883	0.0291779	11076353	311.164	-1
865.46	626.422	1.88401	0.0226137	3473919	105.188	-1
818.349	522.551	2.13466	0.0232047	12517887	283.68	-1
859.125	626.686	2.5312	0.0204657	8127231	106.73	-1
818.074	440.063	2.02241	0.0211741	8585727	216.552	-1
646.116	565.886	1.97635	0.0227069	6947327	110.571	-1
646.876	499.534	2.99998	0.0196069	3671039	209.249	-1
646.912	435.869	4.70335	0.0200404	2818560	219.814	-1
839.381	502.676	2.05311	0.0246014	9699839	186.584	-1
648.582	435.27	3.67716	0.0203047	1704192	221.442	-1
648.833	435.163	3.58954	0.0202902	16647167	226.414	-1
817.145	493.834	4.06569	0.040816	8978688	144.573	-1
650.36	552.866	3.12509	0.0219899	6620159	199.619	-1
650.697	502.381	4.80472	0.0466739	4325888	67.7849	-1
650.697	502.381	4.80472	0.0466739	4325888	207.526	-1
858.598	468.147	2.19249	0.0223272	14418431	4.47574	-1
650.906	562.414	2.34318	0.0189481	2556671	272.974	-1
816.136	574.169	2.62101	0.0206896	10617599	327.612	-1
652.737	529.115	2.15065	0.0195259	13042175	240.793	-1
653.038	521.575	24.66	0.0227306	5636866	191.785	-1
653.615	492.162	3.16358	0.0226534	7537663	243.477	-1
653.85	537.971	2.30127	0.0373792	1245951	139.59	-1
655.618	508.359	5.66273	0.0251439	16187904	69.5956	-1
858.533	564.045	2.05201	0.0194984	9634303	4.93982	-1
858.457	516.352	1.86389	0.0398152	2687487	40.8008	-1
657.974	570.607	5.01441	0.0456271	7406080	97.241	-1
658.109	563.306	4.60127	0.0194498	1180160	61.4945	-1
658.593	551.682	8.28115	0.0323629	10289409	198.762	-1
659.547	576.868	4.58483	0.0287894	918016	95.6053	-1
858.449	490.55	2.54366	0.0213151	8454911	355.494	-1
661.995	506.527	2.37143	0.0397951	3408639	137.241	-1
858.448	558.777	2.36562	0.0289322	3212031	357.939	-1
858.205	483.788	2.61102	0.0263745	10355455	2.10312	-1
858.037	477.818	3.10438	0.0284477	6161407	356.679	-1
668.154	549.199	4.20515	0.0220081	11403520	19.5546	-1
670.077	519.075	4.74185	0.053721	3408384	156.984	-1
670.077	519.075	4.74185	0.053721	3408384	291.308	-1
670.984	538.181	4.13354	0.0422934	10158336	190.003	-1
857.343	573.956	3.98812	0.0301171	7536896	71.6275	-1
672.791	502.866	2.63242	0.035548	10945279	81.813	-1
673.066	554.503	9.88265	0.0371336	6357505	186.266	-1
673.894	509.753	7.94768	0.0358593	7340289	178.958	-1
857.283	546.292	4.43372	0.024396	15204608	359.426	-1
675.428	530.757	6.51258	0.0318513	9634560	181.729	-1
675.912	516.246	4.15725	0.0295851	10551552	184.476	-1
676.07	570.796	2.52132	0.0297886	7799551	180.86	-1
676.892	501.166	2.16727	0.0333758	13566463	176.137	-1
676.919	540.927	3.74516	0.0331688	3014912	184.416	-1
677.025	564.242	3.15498	0.0360771	7341055	190.578	-1
677.266	521.777	2.7453	0.0259205	13959935	181.021	-1
679.806	502.735	2.70576	0.0194691	12911359	172.613	-1
816.136	574.169	2.62101	0.0206896	10617599	254.649	-1
857.264	505.427	2.77919	0.0220928	14877439	14.6225	-1
840.542	586.487	2.16476	0.06234	13500927	53.6946	-1
680.807	489.738	4.16358	0.0209088	10682624	221.439	-1
681.166	528.856	2.82801	0.0218893	16122623	180.994	-1
681.448	562.091	3.18826	0.0237281	8061951	188.861	-1
683.49	487.224	3.58586	0.0197502	16581631	219.717	-1
815.003	435.156	2.0181	0.0373752	8454655	255.057	-1
686.095	548.031	2.1938	0.025096	14483967	11.2317	-1
856.684	510.278	2.0775	0.035017	10551807	13.2538	-1
856.393	467.489	5.22887	0.0259431	10420736	357.37	-1
841.261	582.945	2.6254	0.0251047	10748671	60.1067	-1
688.817	563.065	16.4181	0.0564993	9634050	62.0765	-1
841.939	435.996	1.83038	0.0425034	1376767	0.914337	-1
856.257	531.553	4.95379	0.0219098	6554112	324.916	-1
856.257	531.553	4.95379	0.0219098	6554112	8.82672	-1
856.037	563.955	5.99471	0.0254656	3605248	2.4425	-1
814.326	439.894	2.36298	0.0636024	3146495	213.344	-1
691.483	452.474	1.96634	0.0191692	6554111	59.9352	-1
691.868	448.62	3.55958	0.0431521	16057343	248.521	-1
855.721	514.966	2.45175	0.0229944	5833471	34.1548	-1
693.43	614.034	2.02786	0.0203899	8782335	90.9772	-1
696.897	473.387	2.78119	0.0209278	14942975	211.969	-1
813.546	545.838	1.97016	0.0409525	6685183	301.796	-1
855.461	586.065	12.0195	0.0264032	3801857	50.8839	-1
700.011	458.711	10.1818	0.019325	8520193	227.365	-1
813.015	590.708	5.48811	0.0346662	13959680	92.453	-1
702.177	473.084	3.40882	0.0324638	12911615	218.2	-1
703.628	470.912	1.99978	0.0282104	7799295	224.009	-1
854.23	474.654	3.2042	0.0313513	8455167	249.2	-1
705.603	467.689	1.82922	0.0208137	1311231	220.287	-1
812.874	515.959	4.09246	0.0269206	9437440	308.953	-1
854.23	474.654	3.2042	0.0313513	8455167	82.3237	-1
710.404	511.557	2.01699	0.0356769	8389119	207.89	-1
853.541	525.264	3.01833	0.0224805	4129791	334.382	-1
853.489	622.343	2.18284	0.0209013	14090751	108.799	-1
717.545	457.158	5.64412	0.038965	15991296	359.436	-1
717.671	446.715	1.94866	0.0279852	5898751	334.588	-1
812.399	483.254	3.17355	0.0312298	7734271	132.546	-1
811.324	442.816	3.06201	0.024269	5178367	129.534	-1
853.421	506.3	1.98524	0.0294025	7275007	74.3177	-1
719.511	469.025	1.93174	0.0193185	5243391	3.35507	-1
721.75	614.343	1.89173	0.0226301	3736063	99.8004	-1
721.995	461.889	1.93631	0.035272	5439999	3.24408	-1
722.154	508.034	2.03516	0.0389862	9044479	112.736	-1
722.154	508.034	2.03516	0.0389862	9044479	346.229	-1
722.237	485.636	1.95359	0.020829	6095359	192.051	-1
722.237	485.636	1.95359	0.020829	6095359	260.562	-1
853.347	571.664	2.6878	0.0315125	12452607	87.4648	-1
723.063	481.1	2.91218	0.029681	1508351	258.447	-1
724.189	473.078	5.16464	0.0265825	9568768	348.291	-1
724.864	511.196	5.20654	0.0458253	10158592	143.441	-1
725.89	448.596	7.80411	0.0250593	5964033	315.074	-1
853.087	458.383	2.27274	0.0235119	328447	87.904	-1
726.804	583.323	2.65894	0.0325673	11666175	133.666	-1
852.836	539.274	3.91756	0.0211379	6291712	336.413	-1
851.995	455.41	4.8677	0.0289475	5243392	276.03	-1
729.364	440.956	2.12064	0.0550688	11993599	31.8765	-1
730.212	551.257	1.80213	0.0206669	262655	348.543	-1
730.564	521.063	2.68308	0.0240608	12321535	120.505	-1
730.564	521.063	2.68308	0.0240608	12321535	234.066	-1
731.015	544.144	1.99324	0.0277906	7537151	15.9648	-1
811.314	528.395	1.89768	0.0309408	3998207	46.5365	-1
732.551	494.165	16.1875	0.0447713	8651010	3.93915	-1
732.551	494.165	16.1875	0.0447713	8651010	282.79	-1
732.741	574.322	3.873	0.0293289	5439744	137.846	-1
851.971	453.55	3.00294	0.0295892	3736575	268.935	-1
734.145	442.8	3.8645	0.0271722	5308672	169.21	-1
811.314	528.395	1.89768	0.0309408	3998207	19.6597	-1
734.341	526.74	4.5883	0.0368577	983552	192.122	-1
734.346	538.069	4.30743	0.0278326	13107456	116.104	-1
734.357	588.201	4.49237	0.0238671	16187648	126.165	-1
734.534	545.923	3.04387	0.050674	4719615	127.522	-1
735.575	510.536	6.9313	0.0417053	14156544	348.347	-1
736.308	558.611	2.41337	0.0222	4653823	327.642	-1
736.998	436.594	2.55804	0.0549355	8848127	321.658	-1
736.998	532.021	1.97538	0.0363788	6881791	75.9067	-1
737.478	552.09	3.09328	0.0202922	5899263	48.3954	-1
738.222	534.051	12.1444	0.0194101	4522753	292.164	-1
851.631	444.24	4.05517	0.0365856	8782080	307.606	-1
738.966	445.022	2.24179	0.0455697	16056831	71.3395	-1
738.966	445.022	2.24179	0.0455697	16056831	179.973	-1
739.956	587.349	1.92681	0.0317256	5112319	191.071	-1
740.149	592.282	2.05673	0.0298258	9830911	105.485	-1
740.468	483.12	3.56102	0.0233704	16057343	289.268	-1
741.007	435.036	2.57738	0.0358815	9437951	321.019	-1
741.52	451.98	6.21761	0.0284778	6292224	199.132	-1
741.542	499.659	2.38539	0.0426093	3801855	40.0574	-1
741.912	490.425	10.0361	0.037959	7471617	23.8143	-1
741.912	490.425	10.0361	0.037959	7471617	283.027	-1
741.917	553.473	6.35156	0.0239164	7799552	212.416	-1
810.955	539.665	2.4072	0.0383342	4457215	310.28	-1
742.315	439.765	2.27965	0.0328946	525055	19.038	-1
742.315	439.765	2.27965	0.0328946	525055	279.973	-1
851.631	444.24	4.05517	0.0365856	8782080	273.515	-1
851.483	515.846	2.24132	0.0418045	16056831	45.1108	-1
810.955	539.665	2.4072	0.0383342	4457215	78.703	-1
744.433	458.719	2.35741	0.0293818	2949887	250.24	-1
810.53	557.159	2.52537	0.0202042	7930623	312.998	-1
810.1	507.378	1.95324	0.0237226	6095359	350.239	-1
746.1	589.824	6.71074	0.0387279	11797248	80.138	-1
746.408	551.133	2.2897	0.0233913	852735	138.543	-1
746.408	551.133	2.2897	0.0233913	852735	178.185	-1
850.818	586.635	2.40117	0.0353043	4326143	37.4568	-1
747.567	498.823	4.22963	0.050583	11796736	39.5758	-1
747.632	440.951	1.98839	0.0421619	7340543	114.184	-1
747.828	456.852	2.08864	0.0267753	10945023	139.662	-1
748.429	434.954	3.01974	0.0290052	4195327	261.218	-1
748.669	473.99	2.18413	0.0206642	14156287	121.97	-1
749.108	530.096	2.02067	0.0322189	8520191	166.466	-1
749.108	530.096	2.02067	0.0322189	8520191	339.204	-1
749.959	471.531	1.84646	0.0290867	2032127	123.968	-1
750.892	507.052	2.07565	0.0310357	10486271	71.5092	-1
750.953	454.665	3.67687	0.0317143	1704192	143.31	-1
750.953	454.665	3.67687	0.0317143	1704192	189.903	-1
750.953	454.665	3.67687	0.0317143	1704192	274.013	-1
751.309	464.073	3.30721	0.0281329	10748927	250.982	-1
752.263	509.866	2.39066	0.0361858	3998463	172.632	-1
752.263	509.866	2.39066	0.0361858	3998463	288.811	-1
850.574	446.031	2.5216	0.0371861	7865087	161.491	-1
752.599	449.756	3.07598	0.0270484	5506047	277.873	-1
752.953	499.49	2.02862	0.0199051	8782335	188.633	-1
753.22	447.321	1.88385	0.0246109	3473919	179.147	-1
850.574	446.031	2.5216	0.0371861	7865087	47.3648	-1
754.517	473.966	1.99404	0.0396926	7537151	252.667	-1
809.833	447.504	2.59342	0.0382476	9896703	243.623	-1
756.109	434.19	1.90473	0.0232393	4260351	179.205	-1
850.533	462.063	2.78935	0.0346911	15139583	86.2549	-1
756.682	556.291	1.9139	0.0248045	4588031	299.872	-1
756.709	449.027	1.92234	0.043448	4915711	63.1367	-1
756.709	449.027	1.92234	0.043448	4915711	124.474	-1
756.725	525.354	2.03749	0.0237517	9110015	329.752	-1
756.903	522.807	2.88112	0.0258642	787455	220.054	-1
757.065	454.9	2.54064	0.0346967	8389375	67.3734	-1
757.501	441.963	2.78713	0.0193097	15074047	318.009	-1
758.297	458.295	2.9719	0.0290659	3015679	281.16	-1
758.659	373.168	94.1807	0.023184	2294532	262.728	-1
759.192	511.401	2.02304	0.0215746	8585727	143.741	-1
759.192	511.401	2.02304	0.0215746	8585727	252.496	-1
759.283	520.669	1.96157	0.0250579	6357503	60.9975	-1
759.283	520.669	1.96157	0.0250579	6357503	148.516	-1
759.58	477.232	5.9411	0.0274853	2949888	76.2877	-1
760.129	455.945	2.15138	0.0225512	13042175	202.922	-1
760.183	524.514	2.39813	0.0305935	4195071	209.307	-1
760.249	498.955	2.44106	0.0201103	5505791	253.856	-1
809.705	485.718	2.09432	0.0351586	11141631	134.864	-1
809.697	534.593	4.17891	0.0224952	10944768	324.836	-1
760.74	451.591	3.8255	0.0284609	4587776	230.805	-1
761.697	484.013	4.73992	0.0523177	3342848	74.619	-1
809.58	544.654	2.47783	0.0194765	6554367	321.084	-1
762.96	457.84	2.42826	0.0331807	5112575	197.412	-1
763.384	435.061	2.04481	0.0317713	9372159	168.37	-1
763.746	470.683	12.5979	0.0264137	7209729	85.9051	-1
763.746	470.683	12.5979	0.0264137	7209729	226.785	-1
808.659	379.951	69.2526	0.0223197	13500676	268.201	-1
849.008	459.288	1.98863	0.0340919	7340543	83.0642	-1
764.048	478.348	3.07283	0.0323125	5440511	83.9219	-1
847.428	584.257	2.94765	0.0199861	2425855	31.5375	-1
808.491	522.617	2.54514	0.028563	8520447	272.526	-1
764.677	441.239	2.24606	0.025987	16187903	24.8541	-1
764.677	441.239	2.24606	0.025987	16187903	204.297	-1
765.159	526.276	3.41282	0.0288793	13042687	348.215	-1
765.227	530.633	3.14728	0.0236425	7144447	302.293	-1
765.227	530.633	3.14728	0.0236425	7144447	341.137	-1
846.769	465.755	3.19892	0.0196822	8324095	298.913	-1
765.545	517.524	1.88945	0.024401	3670527	272.051	-1
765.633	522.244	2.29752	0.0260151	1114879	91.5849	-1
766.381	580.539	1.87521	0.0414832	3146239	89.2213	-1
807.497	511.779	2.35648	0.0322103	2949887	302.182	-1
766.452	448.856	3.19906	0.0304991	8324095	209.656	-1
766.462	532.473	2.1449	0.0245021	12845567	292.137	-1
767.208	443.071	1.88612	0.027767	3539455	204.677	-1
767.211	586.355	2.08423	0.0339771	10748415	131.387	-1
767.211	586.355	2.08423	0.0339771	10748415	163.367	-1
767.686	510.866	12.5247	0.0192428	6816513	300.293	-1
767.8	458.686	1.99201	0.0308752	7471615	213.737	-1
807.352	502.145	2.17633	0.0272867	13894143	307.077	-1
768.065	522.034	1.98063	0.0246983	7078399	76.8295	-1
768.145	492.393	2.83042	0.0201928	16188159	311.149	-1
768.221	471.996	1.95269	0.0220058	6029823	103.13	-1
846.763	448.827	3.74318	0.0345765	3014912	285.324	-1
769.091	528.089	2.46792	0.0295446	6292223	203.442	-1
769.091	528.089	2.46792	0.0295446	6292223	288.327	-1
769.825	452.304	2.67299	0.034603	12059391	211.708	-1
769.825	452.304	2.67299	0.034603	12059391	250.91	-1
846.763	448.827	3.74318	0.0345765	3014912	271.701	-1
770.355	464.088	2.43289	0.0278027	5243647	239.074	-1
770.472	493.838	2.0011	0.0293037	7799295	304.445	-1
771.002	490.664	2.10287	0.0376648	11403775	306.307	-1
807.352	502.145	2.17633	0.0272867	13894143	61.3823	-1
846.541	456.609	1.92252	0.0223146	4915711	196.519	-1
771.148	487.151	2.28774	0.0434828	787199	126.83	-1
771.148	487.151	2.28774	0.0434828	787199	178.272	-1
771.405	445.528	2.50836	0.0290518	7471871	186.455	-1
771.472	502.629	3.07563	0.0242221	5506047	336.734	-1
771.616	524.735	3.42001	0.0271249	13173759	141.266	-1
771.616	524.735	3.42001	0.0271249	13173759	289.29	-1
846.541	456.609	1.92252	0.0223146	4915711	21.1957	-1
772.661	512.647	5.57568	0.018859	15073792	313.295	-1
772.975	538.368	2.12529	0.0208901	12190207	317.022	-1
773.171	447.417	7.30445	0.0317389	1179905	170.116	-1
846.529	572.561	2.67347	0.034017	12059391	4.05518	-1
773.477	484.136	2.53372	0.0250691	8192767	128.744	-1
773.76	435.711	4.79651	0.0526001	4194816	264.995	-1
774.446	452.353	2.40778	0.0240407	4522751	211.022	-1
774.453	522.507	1.89816	0.0223923	3998207	137.666	-1
774.498	591.422	2.38051	0.0257001	3670783	96.6716	-1
845.334	453.083	2.04798	0.0297276	9503231	290.911	-1
775.127	456.326	2.28655	0.0365149	787199	231.843	-1
775.411	535.204	3.38459	0.0305906	12387327	16.4167	-1
775.411	535.204	3.38459	0.0305906	12387327	218.353	-1
775.411	535.204	3.38459	0.0305906	12387327	318.436	-1
775.428	501.134	2.97226	0.0374299	3015679	337.455	-1
776.125	463.137	1.88142	0.0311137	3342847	197.273	-1
776.726	449.033	2.32165	0.0426936	1835775	176.638	-1
807.135	434.942	1.81053	0.0426156	590335	273.166	-1
806.59	478.882	3.74983	0.0286121	3080448	129.626	-1
777.43	496.103	3.98044	0.0245273	7405824	332.302	-1
778.408	514.124	2.04854	0.027408	9503231	343.818	-1
806.517	507.673	3.52399	0.0376016	15336447	319.613	-1
806.455	479.692	2.35477	0.0293854	2884351	127.633	-1
778.789	537.332	2.43241	0.0256279	5243647	217.368	-1
778.829	490.422	1.86131	0.0299507	2556415	339.97	-1
778.932	582.018	1.88885	0.0307748	3670527	44.0903	-1
778.932	582.018	1.88885	0.0307748	3670527	181.564	-1
778.932	582.018	1.88885	0.0307748	3670527	353.017	-1
806.047	471.742	2.3644	0.0311411	3212031	161.031	-1
779.668	456.317	1.80541	0.0309526	393727	187.16	-1
780.299	467.327	2.00336	0.0344966	7930367	117.901	-1
806.047	471.742	2.3644	0.0311411	3212031	95.5712	-1
844.947	437.394	2.50051	0.0278403	7209727	323.539	-1
804.671	529.669	3.60143	0.0361997	196864	288.852	-1
780.599	591.993	2.98006	0.022017	3212287	91.0327	-1
780.874	488.252	2.4462	0.0391754	5636863	185.045	-1
780.874	488.252	2.4462	0.0391754	5636863	343.963	-1
780.986	494.177	2.16901	0.0306682	13631999	343.074	-1
781.181	586.396	1.84365	0.0283073	1901055	52.5735	-1
781.181	586.396	1.84365	0.0283073	1901055	95.2202	-1
781.907	491.293	3.31348	0.0294412	10879999	186.022	-1
781.907	491.293	3.31348	0.0294412	10879999	342.828	-1
782.469	506.946	2.47252	0.033165	6423295	352.323	-1
844.101	520.781	3.06614	0.0188429	5243903	30.5643	-1
782.78	500.544	2.79373	0.0485844	15270655	309.659	-1
782.872	522.505	2.4365	0.0218252	5374719	306	-1
782.88	480.758	2.88188	0.0282162	787455	0.00912476	-1
782.88	480.758	2.88188	0.0282162	787455	101.672	-1
783.493	463.29	4.02094	0.0302148	8192256	80.7099	-1
784.654	570.182	1.91971	0.0201664	4850175	278.638	-1
785.102	444.124	2.04225	0.029246	9306623	296.664	-1
785.11	520.044	1.96529	0.0397042	6488575	107.504	-1
785.11	520.044	1.96529	0.0397042	6488575	298.285	-1
785.184	434.591	2.56309	0.038622	9044735	275.951	-1
785.406	592.328	1.92539	0.0241259	5046783	49.0739	-1
785.406	592.328	1.92539	0.0241259	5046783	78.7857	-1
785.623	522.092	148.539	0.0721458	1835525	87.3395	-1
785.623	522.092	148.539	0.0721458	1835525	266.89	-1
785.9	485.967	2.5086	0.031306	7471871	316.276	-1
786.19	545.517	2.29501	0.019178	1049343	259.702	-1
804.5	461.327	1.86012	0.0387167	2556415	341.492	-1
804.5	461.327	1.86012	0.0387167	2556415	215.361	-1
843.968	586.345	2.01122	0.0548443	8192511	262.015	-1
843.968	586.345	2.01122	0.0548443	8192511	82.6281	-1
843.627	545.871	3.19287	0.0377361	8193023	212.393	-1
842.489	451.536	2.09464	0.0231724	11141631	296.996	-1
787.491	480.837	2.82322	0.0373272	15991551	350.216	-1
788.167	522.724	2.72072	0.020636	13304575	239.374	-1
788.471	502.333	1.92905	0.0356078	5177855	332.995	-1
788.741	508.65	4.93046	0.0375272	6226432	296.18	-1
804.479	490.654	1.84342	0.0433961	1901055	126.31	-1
803.791	515.935	4.22576	0.0299288	11731200	296.377	-1
789.532	450.708	25.2869	0.0573426	7471874	277.722	-1
790.697	500.167	2.46289	0.0437898	6161151	49.6469	-1
790.697	500.167	2.46289	0.0437898	6161151	149.493	-1
790.697	500.167	2.46289	0.0437898	6161151	337.891	-1
790.909	435.337	2.43457	0.0370523	5309183	272.141	-1
791.458	555.111	2.06358	0.0191101	10027519	231.877	-1
792.129	482.833	2.92348	0.0464169	1836031	279.396	-1
792.642	513.178	2.08362	0.0306145	10748415	203.831	-1
792.889	638.106	55.9157	0.0280711	14746371	91.005	-1
793.713	545.138	2.16153	0.0223268	13369855	148.079	-1
793.829	477.684	3.80739	0.0560545	4194560	101.142	-1
794.132	591.188	1.84884	0.0199597	2097663	87.4698	-1
795.277	520.881	2.90556	0.0410125	1377279	89.2466	-1
795.277	520.881	2.90556	0.0410125	1377279	312.282	-1
803.791	515.935	4.22576	0.0299288	11731200	246.072	-1
795.598	490.244	3.61694	0.0379738	524544	298.442	-1
796.464	499.087	4.2451	0.035214	12058880	151.709	-1
796.464	499.087	4.2451	0.035214	12058880	311.991	-1
842.489	451.536	2.09464	0.0231724	11141631	221.631	-1
796.918	596.934	12.025	0.0262175	3867393	100.147	-1
797.13	549.628	2.35285	0.024957	2818815	81.4264	-1
797.13	549.628	2.35285	0.024957	2818815	268.62	-1
797.627	484.944	3.24649	0.0329337	9372671	296.75	-1
797.724	496.816	30.2567	0.0344417	3735811	156.453	-1
797.724	496.816	30.2567	0.0344417	3735811	297.757	-1
798.154	500.619	2.3575	0.035177	2949887	0.299652	-1
798.241	474.213	2.92425	0.0354309	1836031	106.185	-1
798.264	498.462	1.91252	0.031909	4522495	345.962	-1
798.406	552.928	2.34854	0.0272559	2687743	80.249	-1
798.406	552.928	2.34854	0.0272559	2687743	203.822	-1
798.582	482.561	10.1277	0.037363	8126977	105.805	-1
798.97	513.042	2.22127	0.0394299	15401471	69.9982	-1
798.97	513.042	2.22127	0.0394299	15401471	211.65	-1
798.97	513.042	2.22127	0.0394299	15401471	326.491	-1
799.091	522.404	2.18898	0.0323085	14287359	221.482	-1
799.091	522.404	2.18898	0.0323085	14287359	278.091	-1
799.346	437.689	6.20475	0.0341405	6095616	276.99	-1
799.805	494.075	3.64352	0.0318585	1048832	307.343	-1
799.868	443.696	2.05711	0.0216954	9830911	15.4287	-1
800.272	504.183	2.4063	0.0277915	4457215	334.687	-1
800.403	478.998	2.10761	0.0402014	11600383	118.611	-1
800.561	470.417	2.34544	0.0275442	2622207	334.984	-1
800.607	519.393	2.2729	0.0418811	328447	127.523	-1
800.607	519.393	2.2729	0.0418811	328447	279.404	-1
800.907	498.667	2.04829	0.0320388	9503231	349.55	-1
801.188	482.835	6.94563	0.03815	14287616	124.346	-1
801.193	585.768	2.16001	0.0242349	13369855	63.7766	-1
801.193	585.768	2.16001	0.0242349	13369855	163.854	-1
801.477	553.928	2.19374	0.0242302	14483967	211.797	-1
801.633	500.854	3.01585	0.0330114	4064255	1.09546	-1
801.875	509.639	2.73917	0.0376909	13828863	9.42612	-1
801.875	509.639	2.73917	0.0376909	13828863	137.392	-1
802.873	541.153	4.11113	0.0190074	9765120	326.288	-1
841.939	435.996	1.83038	0.0425034	1376767	271.57	-1
803.791	515.935	4.22576	0.0299288	11731200	127.185	-1
613.619	537.149	3.28672	0.0187559	10290175	103.494	-1
919.465	450.6	5.07931	0.0186689	8323584	178.059	-1
919.465	450.6	5.07931	0.0186689	8323584	0.245941	-1
844.094	539.549	4.71753	0.0185316	3015168	175.334	-1
844.094	539.549	4.71753	0.0185316	3015168	264.871	-1
844.113	505.806	1.81054	0.0181182	590335	242.642	-1
68.1127	407.885	4.89045	0.0182906	5636608	153.796	-1
68.1127	407.885	4.89045	0.0182906	5636608	210.462	-1
114.363	629.439	1.9232	0.0182601	4981247	87.5655	-1
778.601	442.729	2.01577	0.01828	8323583	159.127	-1
372.517	468.856	2.08988	0.0182057	10945023	209.91	-1
777.179	459.383	2.39708	0.0181876	4195071	233.547	-1
344.235	469.612	2.37983	0.0186505	3670783	21.5967	-1
306.161	515.805	1.89272	0.0184335	3801599	206.546	-1
766.4	463.684	2.53788	0.0183568	8323839	243.765	-1
477.242	459.349	2.00465	0.018055	7930367	109.829	-1
121.688	444.722	4.43504	0.0180709	15270144	183.872	-1
121.688	444.722	4.43504	0.0180709	15270144	358.274	-1
823.058	548.656	2.06707	0.0183347	10158591	272.31	-1
501.847	472.971	2.4577	0.0180581	5964543	331.302	-1
755.053	589.124	2.39441	0.0181123	4063999	34.5282	-1
745.392	468.993	2.76352	0.0182366	14484223	263.517	-1
745.392	468.993	2.76352	0.0182366	14484223	126.507	-1
504.712	477.927	2.3096	0.0182379	1508095	327.537	-1
507.039	481.711	2.05063	0.018056	9568767	329.567	-1
734.327	535.06	1.83735	0.0186492	1638911	319.184	-1
552.99	506.202	10.3987	0.018555	10027521	195.912	-1
718.815	473.803	3.00962	0.018079	3933183	344.547	-1
901.062	631.067	4.74186	0.0183435	3408384	86.8871	-1
705.925	462.654	2.3046	0.0186325	1311487	222.425	-1
701.615	547.115	3.15953	0.0186675	7406591	223.42	-1
697.27	455.315	6.2637	0.0184822	6816512	36.1492	-1
898.751	631.926	1.86828	0.0180361	2884095	112.993	-1
252.095	427.277	6.78886	0.0180256	12649216	270.605	-1
687.905	456.966	2.48918	0.0182515	6882047	75.4477	-1
685.785	511.208	8.7588	0.0186891	14352641	180.869	-1
680.702	549.313	2.33369	0.0184676	2228991	176.08	-1
832.376	455.856	4.60116	0.0183369	1180160	301.972	-1
242.131	407.631	2.3344	0.0183769	2228991	270.082	-1
839.441	466.008	2.74623	0.0184051	14025471	270.75	-1
134.711	444.596	4.30697	0.0181873	13107456	181.3	-1
165.289	412.979	2.01988	0.0184386	8520191	302.922	-1
205.888	479.283	2.253	0.0184029	16384511	298.604	-1
839.364	453.618	2.06715	0.018163	10158591	241.498	-1
613.619	537.149	3.28672	0.0187559	10290175	39.3395	-1
626.051	528.673	2.93776	0.018188	2163711	72.5927	-1
134.655	429.205	4.77798	0.0180237	3932672	228.299	-1
789.076	592.196	2.59127	0.0177754	9831167	76.2733	-1
174.995	516.059	2.21267	0.0178588	15073791	110.992	-1
789.076	592.196	2.59127	0.0177754	9831167	64.5083	-1
236.1	525.881	3.20835	0.0179722	8520703	314.369	-1
777.387	458.641	2.03432	0.0179522	9044479	229.932	-1
321.018	499.23	2.2244	0.0178624	15467007	326.793	-1
422.757	515.612	6.03142	0.0180121	4064000	330.223	-1
832.919	458.501	2.62825	0.017887	10814207	13.9367	-1
764.646	512.122	2.54859	0.0180194	8585983	79.2814	-1
535.832	476.532	1.86603	0.0179369	2753023	26.3562	-1
742.111	479.961	1.94494	0.0177747	5767679	290.577	-1
121.772	438.469	4.33189	0.0176585	13566208	186.044	-1
608.629	539.322	4.09439	0.0176619	9502976	104.592	-1
771.021	455.98	2.62403	0.0177353	10683135	250.347	-1
592.551	538.734	2.11482	0.0177156	11796991	176.43	-1
851.325	433.489	19.3223	0.0177308	4719106	277.345	-1
850.342	573.141	2.14094	0.0177561	12714495	351.993	-1
930.991	435.68	3.47384	0.017656	14287871	275.952	-1
121.772	438.469	4.33189	0.0176585	13566208	357.004	-1
930.991	435.68	3.47384	0.017656	14287871	191.508	-1
931.221	436.102	3.94272	0.0176401	6750464	272.061	-1
931.221	436.102	3.94272	0.0176401	6750464	201.279	-1
931.221	436.102	3.94272	0.0176401	6750464	225.125	-1
767.826	582.758	1.94071	0.017625	5636607	130.069	-1
183.771	408.519	6.29283	0.0176099	7144192	282.105	-1
862.34	566.752	4.77402	0.0176028	3867136	4.40021	-1
850.278	573.993	2.57133	0.0175537	9241343	61.7529	-1
